Gen	Fittest  	F0HANN	Perfor	BestPrf  	F0HANN	Perfor	ZPC	ZFC	SC	NS	ES	SCT	SS	SA    	SNBP	GS      	Time	ETA      	Mem		Avg
0 	     1125	0.7597	0.7597	     1125	0.7597	0.7597	0	14	36	36	0	4.0	0/1	0/1	0	59/61/64	6.920	0 00:23:04	43MB 	0.38013181686401365
1 	     1318	0.8927	0.8927	     1318	0.8927	0.8927	0	0	36	29	29	4.0	0/2	0/2	1	57/61/65	3.867	0 00:21:56	119MB 	0.5600372701883316
2 	     1318	0.8919	0.8919	     1318	0.8919	0.8919	0	3	36	29	29	4.0	0/1	0/3	0	57/61/65	3.173	0 00:20:42	72MB 	0.5285908192396164
3 	     1318	0.8919	0.8919	     1318	0.8919	0.8919	0	3	34	29	31	4.0	0/1	0/4	0	59/62/64	3.082	0 00:19:32	35MB 	0.549449072778225
4 	     1318	0.8927	0.8927	     1318	0.8927	0.8927	0	2	38	30	26	4.0	0/1	0/5	0	57/62/65	3.346	0 00:18:35	225MB 	0.567104896903038
5 	     1595	0.8995	0.8995	     1595	0.8995	0.8995	0	1	36	28	30	6.5	0/1	0/5	0	56/61/66	4.430	0 00:18:05	198MB 	0.643251046538353
6 	     1595	0.8995	0.8995	     1595	0.8995	0.8995	0	2	34	26	28	6.5	0/2	0/2	0	55/61/65	4.415	0 00:17:37	176MB 	0.6184482024266169
7 	     1595	0.8941	0.8941	     1595	0.8941	0.8941	0	3	33	27	28	6.5	0/2	0/3	0	55/61/67	4.345	0 00:17:11	168MB 	0.6036823078989982
8 	     1595	0.8976	0.8976	     1595	0.8976	0.8976	0	1	33	27	27	6.5	0/1	0/4	0	56/61/67	3.331	0 00:16:27	168MB 	0.6200961336493492
9 	     1595	0.8995	0.8995	     1595	0.8995	0.8995	0	2	30	26	29	6.5	0/5	0/5	1	56/61/67	3.993	0 00:16:00	175MB 	0.5834125742316246
10 	     1595	0.8944	0.8944	     1595	0.8944	0.8944	0	2	29	21	22	9.6	0/5	0/6	1	56/61/66	4.970	0 00:15:54	26MB 	0.5767409980297089
11 	     1595	0.8995	0.8995	     1595	0.8995	0.8995	0	0	26	17	20	9.6	0/4	0/7	0	56/62/68	3.227	0 00:15:15	53MB 	0.6559504270553589
12 	     1595	0.8995	0.8995	     1595	0.8995	0.8995	0	3	27	18	17	9.6	0/3	0/8	0	57/62/67	2.208	0 00:14:20	88MB 	0.5716205388307571
13 	     1595	0.8995	0.8995	     1595	0.8995	0.8995	0	2	27	20	20	9.6	0/2	0/9	0	57/63/69	3.266	0 00:13:51	132MB 	0.55951277166605
14 	     1595	0.8995	0.8995	     1595	0.8995	0.8995	0	2	35	29	21	9.6	0/3	0/10	0	58/63/67	3.150	0 00:13:23	98MB 	0.5892277789115906
15 	     1595	0.8941	0.8941	     1595	0.8941	0.8941	0	2	33	24	26	15.0	0/2	0/11	0	56/62/68	3.296	0 00:13:00	40MB 	0.587368766963482
16 	     1595	0.8995	0.8995	     1595	0.8995	0.8995	0	0	15	3	21	15.0	0/6	0/12	2	57/62/69	2.265	0 00:12:19	112MB 	0.6165664792060852
17 	     1595	0.8941	0.8941	     1595	0.8941	0.8941	0	0	29	21	7	15.0	0/6	0/13	1	58/62/69	3.692	0 00:12:09	28MB 	0.61584277510643
18 	     1595	0.8995	0.8995	     1595	0.8995	0.8995	0	5	19	9	19	15.0	0/5	0/14	0	56/62/69	2.665	0 00:11:41	25MB 	0.5506145671010018
19 	     1595	0.8995	0.8995	     1595	0.8995	0.8995	0	3	18	9	10	15.0	0/6	0/15	3	55/62/71	3.379	0 00:11:29	78MB 	0.5843522828452441
Gen	Fittest  	F0HANN	Perfor	BestPrf  	F0HANN	Perfor	ZPC	ZFC	SC	NS	ES	SCT	SS	SA    	SNBP	GS      	Time	ETA      	Mem		Avg
20 	     1595	0.8995	0.8995	     1595	0.8995	0.8995	0	3	29	20	9	22.1	0/6	0/16	4	54/62/73	3.263	0 00:11:15	74MB 	0.5741336846351623
21 	     1595	0.8995	0.8995	     1595	0.8995	0.8995	0	2	14	1	16	22.1	0/8	0/17	5	52/65/73	3.953	0 00:11:15	42MB 	0.5724333383535084
22 	     1595	0.8995	0.8995	     1595	0.8995	0.8995	0	2	11	5	8	22.1	0/13	0/18	5	52/65/73	3.523	0 00:11:07	91MB 	0.603311318418254
23 	     1595	0.8976	0.8976	     1595	0.8976	0.8976	0	1	17	11	5	22.1	0/13	0/19	4	55/67/73	4.261	0 00:11:12	25MB 	0.6150313761769509
24 	     1595	0.8976	0.8976	     1595	0.8976	0.8976	0	1	9	1	9	22.1	0/13	0/20	5	59/67/72	3.659	0 00:11:06	52MB 	0.6284168641617958
25 	     1595	0.8995	0.8995	     1595	0.8995	0.8995	0	0	13	8	4	25.7	0/20	0/21	2	59/64/71	2.527	0 00:10:40	46MB 	0.6634324281773669
26 	     1595	0.8995	0.8995	     1595	0.8995	0.8995	0	2	7	3	9	25.7	0/16	0/22	1	59/64/72	3.130	0 00:10:27	41MB 	0.6459779398781913
27 	     1595	0.8995	0.8995	     1595	0.8995	0.8995	0	0	9	4	2	25.7	0/19	0/23	3	59/65/73	3.773	0 00:10:27	49MB 	0.6766847467422485
28 	     1595	0.8995	0.8995	     1595	0.8995	0.8995	0	1	9	4	4	25.7	0/12	0/24	2	58/64/70	4.363	0 00:10:36	46MB 	0.6842837151216001
29 	     1595	0.8995	0.8995	     1595	0.8995	0.8995	0	0	7	1	3	25.7	0/16	0/25	3	58/63/70	4.190	0 00:10:41	28MB 	0.7009810306587998
30 	     1595	0.8995	0.8995	     1595	0.8995	0.8995	0	1	7	3	3	26.7	0/16	0/26	1	57/61/69	3.780	0 00:10:37	90MB 	0.6866740696132183
31 	     1595	0.8995	0.8995	     1595	0.8995	0.8995	0	0	8	3	2	26.7	0/16	0/27	2	55/61/71	3.794	0 00:10:34	34MB 	0.6787437772750855
32 	     1595	0.8976	0.8976	     1595	0.8976	0.8976	0	0	9	4	3	26.7	0/19	0/28	2	54/61/70	5.060	0 00:10:53	71MB 	0.6911695337295533
33 	     1595	0.8995	0.8995	     1595	0.8995	0.8995	0	0	12	5	2	26.7	0/19	0/29	3	57/61/70	5.036	0 00:11:08	64MB 	0.6795872592926026
34 	     1595	0.8995	0.8995	     1595	0.8995	0.8995	0	1	8	2	6	26.7	0/12	0/30	3	58/61/68	4.221	0 00:11:08	51MB 	0.6774690455578743
35 	     1595	0.8995	0.8995	     1595	0.8995	0.8995	0	0	8	2	2	28.3	0/13	0/31	0	51/61/69	3.282	0 00:10:51	55MB 	0.6780162380666149
36 	     3316	0.8995	0.8995	     3316	0.8995	0.8995	0	2	9	3	2	28.3	0/12	0/32	0	55/61/68	3.911	0 00:10:47	44MB 	0.6345039415359497
37 	     3316	0.8896	0.8896	     3316	0.8896	0.8896	0	1	9	3	3	28.3	0/14	0/33	1	55/61/67	4.922	0 00:10:59	76MB 	0.6252999354381951
38 	     3316	0.8995	0.8995	     3316	0.8995	0.8995	0	1	7	1	3	28.3	0/13	0/34	1	54/60/66	3.362	0 00:10:44	56MB 	0.6480161280048137
39 	     3316	0.8995	0.8995	     3316	0.8995	0.8995	0	1	9	2	0	28.3	0/16	0/35	1	55/60/66	4.493	0 00:10:48	75MB 	0.6916921269893647
Gen	Fittest  	F0HANN	Perfor	BestPrf  	F0HANN	Perfor	ZPC	ZFC	SC	NS	ES	SCT	SS	SA    	SNBP	GS      	Time	ETA      	Mem		Avg
40 	     3316	0.8976	0.8976	     3316	0.8976	0.8976	0	1	9	2	2	30.6	0/12	0/36	2	56/61/66	4.358	0 00:10:49	35MB 	0.6694569417408535
41 	     3316	0.8995	0.8995	     3316	0.8995	0.8995	0	0	10	3	2	30.6	0/10	0/37	1	57/61/65	5.390	0 00:11:07	79MB 	0.6990580583105281
42 	     3316	0.8995	0.8995	     3316	0.8995	0.8995	0	0	7	1	4	30.6	0/12	0/38	1	53/60/65	3.673	0 00:10:54	36MB 	0.6962504523495833
43 	     3316	0.8976	0.8976	     3316	0.8976	0.8976	0	2	10	3	0	30.6	0/15	0/39	2	55/61/65	4.878	0 00:11:02	24MB 	0.6679670859356316
44 	     3316	0.8995	0.8995	     3316	0.8995	0.8995	0	4	9	3	4	30.6	0/15	0/40	1	56/61/64	3.076	0 00:10:40	36MB 	0.6584696422020594
45 	     3316	0.8995	0.8995	     3316	0.8995	0.8995	0	1	9	3	3	33.0	0/16	0/41	2	57/61/66	4.712	0 00:10:45	37MB 	0.6751622375176878
46 	     3316	0.8995	0.8995	     3316	0.8995	0.8995	0	0	7	1	3	33.0	0/13	0/42	3	54/60/64	4.698	0 00:10:49	56MB 	0.6635844359795252
47 	     3316	0.8995	0.8995	     3316	0.8995	0.8995	0	1	8	1	0	33.0	5/16	1/43	3	53/60/65	4.241	0 00:10:45	46MB 	0.663663564896097
48 	     3316	0.8995	0.8995	     3316	0.8995	0.8995	0	0	7	2	3	33.0	0/12	0/44	2	52/60/63	2.161	0 00:10:10	68MB 	0.6862613635185437
49 	     3316	0.8995	0.8995	     3316	0.8995	0.8995	0	1	6	1	2	33.0	0/13	0/45	2	49/59/64	5.048	0 00:10:21	83MB 	0.6594855237980278
50 	     3316	0.8568	0.8568	     3316	0.8568	0.8568	0	4	6	0	0	33.7	0/14	0/46	2	49/60/65	3.236	0 00:10:04	84MB 	0.6243887019157409
51 	     3316	0.8995	0.8995	     3316	0.8995	0.8995	0	4	5	0	1	33.7	9/16	2/47	0	51/59/65	3.809	0 00:09:57	43MB 	0.6152215162102057
52 	     3316	0.8995	0.8995	     3316	0.8995	0.8995	0	0	5	1	1	33.7	0/13	0/48	0	47/58/65	3.781	0 00:09:50	107MB 	0.6840745563409767
53 	     3316	0.8976	0.8976	     3316	0.8976	0.8976	0	1	6	1	0	33.7	0/16	0/49	1	51/59/65	3.824	0 00:09:43	97MB 	0.6574148571491242
54 	     3316	0.8995	0.8995	     3316	0.8995	0.8995	0	0	7	1	0	33.7	0/21	0/50	1	48/60/66	6.230	0 00:10:12	64MB 	0.6720037376880645
55 	     3316	0.8995	0.8995	     3316	0.8995	0.8995	0	0	10	4	1	37.1	0/15	0/51	1	56/62/68	3.237	0 00:09:54	57MB 	0.6578698766474821
56 	     3316	0.8995	0.8995	     3316	0.8995	0.8995	0	0	6	0	4	37.1	5/12	1/52	2	53/61/67	3.248	0 00:09:38	95MB 	0.6900922096505457
57 	     3316	0.8995	0.8995	     3316	0.8995	0.8995	0	0	7	1	0	37.1	0/15	0/53	1	55/62/67	3.918	0 00:09:32	100MB 	0.7018988606881122
58 	     3316	0.8995	0.8995	     3316	0.8995	0.8995	0	1	6	1	2	37.1	0/14	0/54	0	57/62/68	3.798	0 00:09:26	99MB 	0.6524991939465205
59 	     3316	0.8995	0.8995	     3316	0.8995	0.8995	0	1	6	1	1	37.1	0/12	0/55	2	53/62/68	3.402	0 00:09:13	20MB 	0.6677560088585834
Gen	Fittest  	F0HANN	Perfor	BestPrf  	F0HANN	Perfor	ZPC	ZFC	SC	NS	ES	SCT	SS	SA    	SNBP	GS      	Time	ETA      	Mem		Avg
60 	     4691	0.9039	0.9039	     4691	0.9039	0.9039	0	3	7	1	0	38.5	0/16	0/56	4	54/62/68	3.458	0 00:09:03	72MB 	0.6661878538131714
61 	     4691	0.9039	0.9039	     4691	0.9039	0.9039	0	0	6	0	1	38.5	5/11	1/57	1	52/61/69	3.936	0 00:09:00	49MB 	0.6927274937431017
62 	     4691	0.9039	0.9039	     4691	0.9039	0.9039	0	1	7	1	0	38.5	0/13	0/58	0	51/60/68	4.296	0 00:09:02	62MB 	0.6847237265110016
63 	     4691	0.8947	0.8947	     4691	0.8947	0.8947	0	0	5	0	2	38.5	7/13	1/59	1	47/59/67	3.098	0 00:08:46	30MB 	0.6558434379597505
64 	     4691	0.9039	0.9039	     4691	0.9039	0.9039	0	1	6	1	0	38.5	0/15	0/60	1	47/58/67	3.476	0 00:08:38	57MB 	0.6655398058891296
65 	     4691	0.9039	0.9039	     4691	0.9039	0.9039	0	0	5	1	2	38.5	0/18	0/61	0	36/55/68	3.235	0 00:08:26	89MB 	0.6329929974614358
66 	     4691	0.9039	0.9039	     4691	0.9039	0.9039	0	0	5	0	0	38.5	5/31	1/62	1	51/58/69	3.925	0 00:08:25	37MB 	0.6583279395103454
67 	     4691	0.9039	0.9039	     4691	0.9039	0.9039	0	0	4	0	1	37.8	9/17	2/63	1	49/57/67	3.894	0 00:08:23	77MB 	0.6915956407177205
68 	     4691	0.9039	0.9039	     4691	0.9039	0.9039	0	1	7	3	0	37.8	0/30	0/64	2	45/58/66	3.786	0 00:08:19	80MB 	0.6568577587604523
69 	     4691	0.9039	0.9039	     4691	0.9039	0.9039	0	1	6	0	1	37.8	4/14	1/65	3	45/58/66	3.742	0 00:08:15	38MB 	0.6438177288795004
70 	     4691	0.9039	0.9039	     4691	0.9039	0.9039	0	3	5	0	1	37.8	5/16	2/66	1	46/58/66	3.083	0 00:08:02	34MB 	0.6043621289486788
71 	     4691	0.9039	0.9039	     4691	0.9039	0.9039	0	3	6	1	0	37.8	0/18	0/67	0	48/61/67	3.257	0 00:07:52	80MB 	0.6418730437755584
72 	     4691	0.9039	0.9039	     4691	0.9039	0.9039	0	2	3	0	3	36.3	6/23	4/68	1	44/59/67	4.892	0 00:08:04	40MB 	0.6458792674044768
73 	     4691	0.9039	0.9039	     4691	0.9039	0.9039	0	0	4	1	0	36.3	0/28	0/69	0	47/56/69	3.304	0 00:07:55	34MB 	0.6122038614749908
74 	     4691	0.9039	0.9039	     4691	0.9039	0.9039	0	0	5	1	0	36.3	0/16	0/70	1	45/56/69	3.373	0 00:07:46	55MB 	0.620733962059021
75 	     4691	0.9039	0.9039	     4691	0.9039	0.9039	0	5	6	1	0	36.3	0/18	0/71	2	46/56/69	3.941	0 00:07:46	39MB 	0.5768974828720093
76 	     4691	0.9039	0.9039	     4691	0.9039	0.9039	0	3	4	0	2	36.3	5/17	2/72	2	41/57/69	4.513	0 00:07:52	65MB 	0.6116148744310651
77 	     4691	0.9039	0.9039	     4691	0.9039	0.9039	0	2	5	1	0	36.3	0/16	0/73	1	40/55/68	3.277	0 00:07:41	79MB 	0.5949495136737823
78 	     4691	0.9039	0.9039	     4691	0.9039	0.9039	0	4	5	0	0	36.3	0/19	0/74	1	44/57/70	3.967	0 00:07:40	60MB 	0.6421068167686462
79 	     4691	0.9039	0.9039	     4691	0.9039	0.9039	0	0	7	2	0	37.7	0/20	0/75	2	43/60/70	5.179	0 00:07:53	25MB 	0.6784426093101501
Gen	Fittest  	F0HANN	Perfor	BestPrf  	F0HANN	Perfor	ZPC	ZFC	SC	NS	ES	SCT	SS	SA    	SNBP	GS      	Time	ETA      	Mem		Avg
80 	     4691	0.9039	0.9039	     4691	0.9039	0.9039	0	2	7	1	1	37.7	0/10	0/76	2	45/60/69	5.061	0 00:08:03	19MB 	0.625092260837555
81 	     4691	0.9039	0.9039	     4691	0.9039	0.9039	0	1	7	1	1	37.7	0/15	0/77	2	51/60/69	4.235	0 00:08:02	36MB 	0.6327548598756596
82 	     4691	0.9039	0.9039	     4691	0.9039	0.9039	0	0	6	0	1	37.7	0/12	0/78	1	47/59/70	4.335	0 00:08:01	47MB 	0.6611371672883326
83 	     4691	0.9039	0.9039	     4691	0.9039	0.9039	0	1	8	2	0	37.7	0/24	0/79	2	48/58/70	2.799	0 00:07:42	75MB 	0.6566839182376861
84 	     4691	0.9039	0.9039	     4691	0.9039	0.9039	0	1	7	1	2	39.2	0/18	0/80	2	52/60/71	5.396	0 00:07:55	85MB 	0.6625771116703114
85 	     4691	0.9039	0.9039	     4691	0.9039	0.9039	0	3	7	1	1	39.2	0/12	0/81	2	50/59/73	3.382	0 00:07:43	77MB 	0.6471565122507057
86 	     4691	0.9039	0.9039	     4691	0.9039	0.9039	0	0	5	0	2	39.2	7/15	3/82	0	48/59/73	3.671	0 00:07:35	85MB 	0.7134577059745788
87 	     4691	0.9039	0.9039	     4691	0.9039	0.9039	0	0	8	3	0	39.2	0/14	0/83	1	51/58/72	3.973	0 00:07:30	95MB 	0.6705937850475311
88 	     4691	0.9039	0.9039	     4691	0.9039	0.9039	0	1	7	0	1	39.2	3/18	1/84	4	52/58/64	3.937	0 00:07:26	62MB 	0.6312097724603147
89 	     4691	0.9039	0.9039	     4691	0.9039	0.9039	0	2	6	1	2	40.0	0/15	0/85	0	50/58/65	3.886	0 00:07:21	20MB 	0.6229644107321898
90 	     4691	0.9039	0.9039	     4691	0.9039	0.9039	0	3	4	0	2	40.0	5/16	3/86	0	49/57/63	3.806	0 00:07:15	67MB 	0.6272627796445575
91 	     4691	0.9039	0.9039	     4691	0.9039	0.9039	0	1	4	0	0	40.0	5/21	3/87	1	49/56/63	4.702	0 00:07:19	39MB 	0.6624847114086151
92 	     4691	0.8947	0.8947	     4691	0.8947	0.8947	0	3	3	0	1	40.0	9/19	5/88	1	49/55/63	3.773	0 00:07:12	58MB 	0.6074568969862801
93 	     4691	0.9039	0.9039	     4691	0.9039	0.9039	0	2	3	0	0	40.0	11/25	6/89	1	47/54/62	3.898	0 00:07:07	73MB 	0.6279757380485534
94 	     4691	0.9039	0.9039	     4691	0.9039	0.9039	0	2	3	0	0	38.4	8/30	7/90	1	49/55/63	4.128	0 00:07:05	26MB 	0.6078673756122589
95 	     4691	0.9039	0.9039	     4691	0.9039	0.9039	0	1	7	4	0	38.4	0/22	0/91	1	46/54/62	3.236	0 00:06:53	34MB 	0.6183882880210877
96 	     4691	0.9039	0.9039	     4691	0.9039	0.9039	0	1	7	1	1	38.4	0/12	0/92	3	50/55/62	3.341	0 00:06:43	28MB 	0.6041381227970123
97 	     6754	0.9176	0.9176	     6754	0.9176	0.9176	0	3	7	0	0	38.4	0/12	0/93	3	51/56/63	4.379	0 00:06:44	35MB 	0.5960474944114685
98 	     6754	0.9176	0.9176	     6754	0.9176	0.9176	0	2	7	1	1	38.4	0/9	0/94	3	50/55/64	2.623	0 00:06:27	55MB 	0.6397499259637327
99 	     6754	0.9176	0.9176	     6754	0.9176	0.9176	0	1	7	0	0	39.9	5/13	1/95	2	51/55/62	3.471	0 00:06:20	97MB 	0.6388865554332733
Gen	Fittest  	F0HANN	Perfor	BestPrf  	F0HANN	Perfor	ZPC	ZFC	SC	NS	ES	SCT	SS	SA    	SNBP	GS      	Time	ETA      	Mem		Avg
100 	     6919	0.9398	0.9398	     6919	0.9398	0.9398	0	0	7	1	1	39.9	3/13	1/96	3	51/55/62	4.521	0 00:06:24	46MB 	0.6754757810612114
101 	     6919	0.9398	0.9398	     6919	0.9398	0.9398	0	1	8	2	1	39.9	0/11	0/97	3	48/55/64	4.465	0 00:06:26	46MB 	0.670123426281676
102 	     6919	0.9398	0.9398	     6919	0.9398	0.9398	0	3	8	1	1	39.9	0/12	0/98	3	50/56/64	4.940	0 00:06:32	55MB 	0.6235899730604522
103 	     6919	0.9398	0.9398	     6919	0.9398	0.9398	0	1	6	1	3	39.9	0/13	0/99	1	50/57/64	3.146	0 00:06:20	57MB 	0.7002511558433374
104 	     6919	0.9398	0.9398	     6919	0.9398	0.9398	0	3	6	1	1	40.7	0/17	0/100	1	47/58/65	4.352	0 00:06:20	61MB 	0.6496996390819549
105 	     6919	0.9398	0.9398	     6919	0.9398	0.9398	0	2	4	0	2	40.7	9/15	2/101	0	49/58/66	2.721	0 00:06:04	128MB 	0.6530564196255743
106 	     6919	0.9398	0.9398	     6919	0.9398	0.9398	0	4	5	1	0	40.7	0/16	0/102	1	47/57/68	3.190	0 00:05:55	60MB 	0.6239154279232025
107 	     6919	0.9398	0.9398	     6919	0.9398	0.9398	0	2	6	1	0	40.7	0/13	0/103	1	45/54/63	2.782	0 00:05:42	112MB 	0.6330128741264344
108 	     6919	0.9398	0.9398	     6919	0.9398	0.9398	0	0	7	2	1	40.7	0/15	0/104	1	47/54/64	4.256	0 00:05:43	36MB 	0.64680717587471
109 	     6919	0.9398	0.9398	     6919	0.9398	0.9398	0	0	6	1	2	41.5	0/21	0/105	1	47/54/62	4.095	0 00:05:43	80MB 	0.720379960780241
110 	     6919	0.9398	0.9398	     6919	0.9398	0.9398	0	2	6	0	0	41.5	5/13	1/106	1	46/55/64	3.985	0 00:05:41	57MB 	0.6542360077098924
111 	     6919	0.9398	0.9398	     6919	0.9398	0.9398	0	0	6	2	2	41.5	0/17	0/107	0	47/55/64	4.477	0 00:05:43	55MB 	0.6807287347813448
112 	     6919	0.9394	0.9394	     6919	0.9394	0.9394	0	0	7	2	1	41.5	0/12	0/108	1	47/54/64	3.340	0 00:05:35	88MB 	0.6732567393779755
113 	     6919	0.9398	0.9398	     6919	0.9398	0.9398	0	0	8	1	0	41.5	0/18	0/109	3	43/54/64	4.189	0 00:05:34	17MB 	0.7223349404335022
114 	     6919	0.9398	0.9398	     6919	0.9398	0.9398	0	1	4	0	4	40.7	6/23	2/110	0	45/54/63	2.617	0 00:05:20	50MB 	0.6603171009084453
115 	     6919	0.9398	0.9398	     6919	0.9398	0.9398	0	2	6	2	0	40.7	0/29	0/111	1	46/54/63	4.046	0 00:05:19	21MB 	0.6915805101394653
116 	     6919	0.9398	0.9398	     6919	0.9398	0.9398	0	6	5	0	1	40.7	5/15	1/112	2	45/53/64	5.015	0 00:05:26	88MB 	0.5942206139467201
117 	     6919	0.9398	0.9398	     6919	0.9398	0.9398	0	0	7	2	0	40.7	0/15	0/113	0	44/53/64	3.420	0 00:05:18	24MB 	0.6996778042948976
118 	     6919	0.9398	0.9398	     6919	0.9398	0.9398	0	2	7	1	1	40.7	0/10	0/114	1	45/55/64	3.484	0 00:05:12	61MB 	0.6821908220952871
119 	     6919	0.9398	0.9398	     6919	0.9398	0.9398	0	3	7	0	0	42.3	0/11	0/115	2	39/56/64	5.196	0 00:05:19	58MB 	0.6759828567504883
Gen	Fittest  	F0HANN	Perfor	BestPrf  	F0HANN	Perfor	ZPC	ZFC	SC	NS	ES	SCT	SS	SA    	SNBP	GS      	Time	ETA      	Mem		Avg
120 	     6919	0.9398	0.9398	     6919	0.9398	0.9398	0	2	7	2	2	42.3	0/17	0/116	0	38/52/64	4.378	0 00:05:19	64MB 	0.6581025074939338
121 	     8134	0.9512	0.9512	     8134	0.9512	0.9512	0	1	8	3	2	42.3	0/13	0/117	1	43/52/63	5.510	0 00:05:27	36MB 	0.7083510026639822
122 	     8134	0.9512	0.9512	     8134	0.9512	0.9512	0	0	7	1	2	42.3	0/12	0/118	1	42/52/63	3.469	0 00:05:17	15MB 	0.6926756095886231
123 	     8134	0.9512	0.9512	     8134	0.9512	0.9512	0	3	7	0	0	42.3	0/11	0/119	1	41/51/64	3.344	0 00:05:08	22MB 	0.6749492871761322
124 	     8134	0.9512	0.9512	     8134	0.9512	0.9512	0	2	7	1	1	44.0	0/18	0/120	1	44/52/62	4.473	0 00:05:07	47MB 	0.6810918936924059
125 	     8134	0.9512	0.9512	     8134	0.9512	0.9512	0	3	5	0	2	44.0	2/21	1/121	2	40/51/64	4.045	0 00:05:03	36MB 	0.6733920330903969
126 	     8134	0.9512	0.9512	     8134	0.9512	0.9512	0	3	6	1	0	44.0	2/12	1/122	1	40/50/62	4.528	0 00:05:03	31MB 	0.6673970460891724
127 	     8134	0.9496	0.9496	     8134	0.9496	0.9496	0	0	6	0	0	44.0	2/16	2/123	1	38/51/62	6.176	0 00:05:14	63MB 	0.6966793394088745
128 	     8134	0.9512	0.9512	     8134	0.9512	0.9512	0	0	6	0	0	44.0	4/16	3/124	1	45/51/62	3.874	0 00:05:07	60MB 	0.7192046167899151
129 	     8134	0.9512	0.9512	     8134	0.9512	0.9512	0	0	6	1	1	44.9	0/23	0/125	1	44/52/62	5.305	0 00:05:10	54MB 	0.6952279039791652
130 	     8134	0.9512	0.9512	     8134	0.9512	0.9512	0	3	6	1	1	44.9	0/15	0/126	2	38/53/64	4.975	0 00:05:10	84MB 	0.6427068412303925
131 	     8134	0.9512	0.9512	     8134	0.9512	0.9512	0	1	6	1	1	44.9	0/15	0/127	1	39/52/64	2.782	0 00:04:54	95MB 	0.6860458254814148
132 	     8134	0.9512	0.9512	     8134	0.9512	0.9512	0	0	5	0	1	44.9	9/13	1/128	1	40/53/63	2.823	0 00:04:40	48MB 	0.7038831893278628
133 	     8134	0.9512	0.9512	     8134	0.9512	0.9512	0	0	4	0	1	44.9	9/17	2/129	0	44/55/64	4.022	0 00:04:35	55MB 	0.6833167659993075
134 	     8134	0.9512	0.9512	     8134	0.9512	0.9512	0	4	5	1	0	44.9	0/17	0/130	1	42/51/65	5.894	0 00:04:43	49MB 	0.6378458249568939
135 	     8134	0.9512	0.9512	     8134	0.9512	0.9512	0	1	6	1	0	45.8	0/16	0/131	2	40/51/63	2.886	0 00:04:29	76MB 	0.6796377718448638
136 	     8134	0.9512	0.9512	     8134	0.9512	0.9512	0	4	5	0	1	45.8	5/15	2/132	2	39/50/64	4.850	0 00:04:30	31MB 	0.6572594940662384
137 	     8134	0.9512	0.9512	     8134	0.9512	0.9512	0	1	6	1	0	45.8	0/21	0/133	0	39/49/64	3.167	0 00:04:19	96MB 	0.6955319440364838
138 	     8134	0.9512	0.9512	     8134	0.9512	0.9512	0	1	6	0	0	45.8	5/14	1/134	2	40/51/63	4.813	0 00:04:19	32MB 	0.681769825220108
139 	     8134	0.9470	0.9470	     8134	0.9470	0.9470	0	0	6	1	1	45.8	0/19	0/135	2	40/50/64	3.083	0 00:04:08	67MB 	0.6919916977687758
Gen	Fittest  	F0HANN	Perfor	BestPrf  	F0HANN	Perfor	ZPC	ZFC	SC	NS	ES	SCT	SS	SA    	SNBP	GS      	Time	ETA      	Mem		Avg
140 	     8134	0.9512	0.9512	     8134	0.9512	0.9512	0	1	5	0	1	45.8	5/14	3/136	1	40/51/64	3.170	0 00:03:59	25MB 	0.7049084675312042
141 	     9308	0.9677	0.9677	     9308	0.9677	0.9677	0	1	6	1	0	46.7	0/13	0/137	1	40/48/64	2.768	0 00:03:48	36MB 	0.6501593923568726
142 	     9374	0.9677	0.9677	     9374	0.9677	0.9677	0	0	7	1	0	46.7	5/12	1/138	1	39/50/64	2.646	0 00:03:37	29MB 	0.6491052544116974
143 	     9374	0.9677	0.9677	     9374	0.9677	0.9677	0	0	8	1	0	46.7	0/10	0/139	2	36/52/65	4.378	0 00:03:37	98MB 	0.6590651711639093
144 	     9374	0.9671	0.9671	     9374	0.9671	0.9671	0	3	7	0	1	46.7	0/11	0/140	2	40/49/63	2.996	0 00:03:28	83MB 	0.6806163104871908
145 	     9374	0.9677	0.9677	     9374	0.9677	0.9677	0	3	6	0	1	46.7	4/17	1/141	3	31/50/63	3.245	0 00:03:22	96MB 	0.6789405780533949
146 	     9374	0.9677	0.9677	     9374	0.9677	0.9677	0	2	5	0	1	46.7	7/18	2/142	2	32/49/63	4.275	0 00:03:22	50MB 	0.6604296869419991
147 	     9374	0.9677	0.9677	     9374	0.9677	0.9677	0	1	5	1	1	46.7	6/16	1/143	1	42/49/62	3.201	0 00:03:15	48MB 	0.6879845348497232
148 	     9374	0.9677	0.9677	     9374	0.9677	0.9677	0	1	4	0	1	45.8	5/20	2/144	1	31/49/63	4.432	0 00:03:15	64MB 	0.7252711629380986
149 	     9374	0.9677	0.9677	     9374	0.9677	0.9677	0	0	4	0	0	45.8	6/19	3/145	1	35/46/64	4.013	0 00:03:13	49MB 	0.7286403429508209
150 	     9374	0.9677	0.9677	     9374	0.9677	0.9677	0	0	4	0	0	45.8	4/24	4/146	0	36/46/63	3.723	0 00:03:09	45MB 	0.7188349294662476
151 	     9374	0.9677	0.9677	     9374	0.9677	0.9677	0	1	4	0	0	45.8	5/20	5/147	0	41/48/63	3.153	0 00:03:02	79MB 	0.7116599380970001
152 	     9374	0.9677	0.9677	     9374	0.9677	0.9677	0	0	4	0	0	45.8	8/20	6/148	0	34/48/64	2.701	0 00:02:53	88MB 	0.7303461575508118
153 	     9374	0.9677	0.9677	     9374	0.9677	0.9677	0	0	6	2	0	46.7	0/25	0/149	0	37/50/64	3.240	0 00:02:48	61MB 	0.7303340470790863
154 	     9374	0.9660	0.9660	     9374	0.9660	0.9660	0	1	5	0	1	46.7	6/14	1/150	2	36/51/64	4.348	0 00:02:48	118MB 	0.7243259147721894
155 	     9374	0.9677	0.9677	     9374	0.9677	0.9677	0	1	5	0	0	46.7	7/15	2/151	1	36/51/63	3.773	0 00:02:45	54MB 	0.7159160125255585
156 	     9374	0.9677	0.9677	     9374	0.9677	0.9677	0	0	5	0	0	46.7	6/14	3/152	0	33/51/64	4.305	0 00:02:44	100MB 	0.7232012450695038
157 	     9374	0.9409	0.9409	     9374	0.9409	0.9409	0	1	6	1	0	46.7	0/14	0/153	0	33/52/64	4.898	0 00:02:45	82MB 	0.6951216804981232
158 	     9374	0.9677	0.9677	     9374	0.9677	0.9677	0	1	6	2	2	47.7	0/16	0/154	1	42/53/64	3.772	0 00:02:41	70MB 	0.6851194318459959
159 	     9374	0.9677	0.9677	     9374	0.9677	0.9677	0	2	6	0	0	47.7	6/10	1/155	2	35/52/66	2.719	0 00:02:33	27MB 	0.6632166671752929
Gen	Fittest  	F0HANN	Perfor	BestPrf  	F0HANN	Perfor	ZPC	ZFC	SC	NS	ES	SCT	SS	SA    	SNBP	GS      	Time	ETA      	Mem		Avg
160 	     9374	0.9677	0.9677	     9374	0.9677	0.9677	0	0	6	0	0	47.7	5/15	2/156	1	41/52/63	3.151	0 00:02:27	97MB 	0.6877605039246228
161 	     9374	0.9677	0.9677	     9374	0.9677	0.9677	0	1	5	0	1	47.7	6/16	3/157	1	34/52/64	3.644	0 00:02:23	52MB 	0.6985713417331377
162 	     9374	0.9677	0.9677	     9374	0.9677	0.9677	0	6	4	0	1	47.7	8/22	3/158	2	39/53/64	5.373	0 00:02:26	27MB 	0.6155221133815999
163 	    10541	0.9677	0.9677	    10541	0.9677	0.9677	0	1	4	1	1	46.7	6/26	1/159	0	43/54/64	3.231	0 00:02:20	31MB 	0.7040816022425281
164 	    10541	0.9677	0.9677	    10541	0.9677	0.9677	0	1	5	1	0	46.7	4/18	1/160	2	35/52/64	3.283	0 00:02:14	79MB 	0.717086820602417
165 	    10541	0.9677	0.9677	    10541	0.9677	0.9677	0	0	6	1	0	46.7	0/16	0/161	1	33/52/65	4.490	0 00:02:13	114MB 	0.730714921951294
166 	    10541	0.9677	0.9677	    10541	0.9677	0.9677	0	1	6	0	0	46.7	5/13	1/162	1	33/51/65	2.689	0 00:02:06	79MB 	0.6733374786376953
167 	    10541	0.9677	0.9677	    10541	0.9677	0.9677	0	0	5	0	1	46.7	5/13	2/163	1	29/46/64	5.341	0 00:02:07	72MB 	0.7511270654444792
168 	    10541	0.9677	0.9677	    10541	0.9677	0.9677	0	0	5	0	0	46.7	5/22	3/164	0	28/45/64	3.335	0 00:02:02	79MB 	0.6993377697467804
169 	    10541	0.9660	0.9660	    10541	0.9660	0.9660	0	2	5	1	1	46.7	0/23	0/165	0	32/46/65	2.509	0 00:01:54	137MB 	0.6967367870467049
170 	    10541	0.9660	0.9660	    10541	0.9660	0.9660	0	1	4	0	1	45.8	0/24	0/166	0	29/46/65	3.690	0 00:01:50	39MB 	0.6970893691997139
171 	    10541	0.9677	0.9677	    10541	0.9677	0.9677	0	0	5	1	0	45.8	0/19	0/167	1	30/41/65	3.286	0 00:01:45	57MB 	0.671723530292511
172 	    10541	0.9677	0.9677	    10541	0.9677	0.9677	0	0	5	0	0	45.8	0/27	0/168	0	29/43/64	3.269	0 00:01:41	20MB 	0.7113239765167236
173 	    10541	0.9677	0.9677	    10541	0.9677	0.9677	0	4	5	0	0	45.8	0/17	0/169	0	23/41/63	3.743	0 00:01:38	94MB 	0.6692837262153626
174 	    10541	0.9671	0.9671	    10541	0.9671	0.9671	0	0	6	1	0	45.8	0/24	0/170	1	32/44/64	3.160	0 00:01:33	94MB 	0.7124171566963196
175 	    10541	0.9677	0.9677	    10541	0.9677	0.9677	0	1	5	0	1	45.8	5/22	1/171	1	35/46/64	3.734	0 00:01:30	102MB 	0.6815224885940552
176 	    10541	0.9677	0.9677	    10541	0.9677	0.9677	0	3	5	0	0	45.8	3/20	2/172	1	34/46/63	3.690	0 00:01:26	117MB 	0.6750788152217865
177 	    10541	0.9677	0.9677	    10541	0.9677	0.9677	0	0	5	0	0	45.8	5/17	3/173	0	34/44/63	3.689	0 00:01:23	50MB 	0.6780665588378906
178 	    10541	0.9677	0.9677	    10541	0.9677	0.9677	0	1	6	1	0	46.7	0/21	0/174	1	35/44/64	4.255	0 00:01:21	106MB 	0.6892057979106903
179 	    10541	0.9677	0.9677	    10541	0.9677	0.9677	0	0	6	0	0	46.7	3/14	1/175	1	35/46/64	5.433	0 00:01:21	96MB 	0.7012108993530274
Gen	Fittest  	F0HANN	Perfor	BestPrf  	F0HANN	Perfor	ZPC	ZFC	SC	NS	ES	SCT	SS	SA    	SNBP	GS      	Time	ETA      	Mem		Avg
180 	    10541	0.9677	0.9677	    10541	0.9677	0.9677	0	3	6	0	0	46.7	2/21	1/176	1	37/50/64	4.840	0 00:01:19	43MB 	0.6748302578926086
181 	    10541	0.9677	0.9677	    10541	0.9677	0.9677	0	4	5	0	1	46.7	5/16	7/177	0	40/51/65	3.806	0 00:01:15	81MB 	0.6525249232848486
182 	    10541	0.9677	0.9677	    10541	0.9677	0.9677	0	2	6	2	1	46.7	0/22	0/178	1	39/52/65	4.523	0 00:01:12	61MB 	0.6677760396684919
183 	    10541	0.9677	0.9677	    10541	0.9677	0.9677	0	5	6	2	2	47.6	0/16	0/179	0	38/52/64	4.418	0 00:01:09	92MB 	0.6483729651996067
184 	    10541	0.9677	0.9677	    10541	0.9677	0.9677	0	2	8	2	0	47.6	0/13	0/180	0	31/50/64	3.928	0 00:01:04	71MB 	0.6339742176386775
185 	    10541	0.9677	0.9677	    10541	0.9677	0.9677	0	3	7	0	1	47.6	0/14	0/181	0	32/48/65	5.043	0 00:01:02	18MB 	0.6122230505943298
186 	    10541	0.9677	0.9677	    10541	0.9677	0.9677	0	2	6	0	1	47.6	7/15	1/182	2	29/45/65	3.699	0 00:00:57	60MB 	0.6241682025851035
187 	    10541	0.9677	0.9677	    10541	0.9677	0.9677	0	3	6	0	0	47.6	5/16	2/183	2	28/49/64	3.108	0 00:00:52	67MB 	0.6226222259657723
188 	    10541	0.9677	0.9677	    10541	0.9677	0.9677	0	0	6	0	0	48.6	7/14	3/184	1	36/49/64	4.853	0 00:00:49	23MB 	0.6847125048540077
189 	    10541	0.9677	0.9677	    10541	0.9677	0.9677	0	3	7	2	1	48.6	0/13	0/185	0	34/49/64	4.263	0 00:00:45	65MB 	0.6600515951915663
190 	    12130	0.9677	0.9677	    12130	0.9677	0.9677	0	2	6	0	1	48.6	0/11	0/186	1	34/48/63	3.935	0 00:00:41	50MB 	0.7017065663726962
191 	    12130	0.9677	0.9677	    12130	0.9677	0.9677	0	4	6	0	0	48.6	6/14	1/187	3	29/46/63	3.516	0 00:00:36	38MB 	0.6470503973960876
192 	    12130	0.9677	0.9677	    12130	0.9677	0.9677	0	2	7	1	0	48.6	0/15	0/188	3	32/48/62	4.069	0 00:00:32	37MB 	0.6658786073022959
193 	    12130	0.9677	0.9677	    12130	0.9677	0.9677	0	3	8	1	0	51.5	0/14	0/189	0	30/49/64	3.987	0 00:00:28	48MB 	0.6633143544197082
194 	    12130	0.9677	0.9677	    12130	0.9677	0.9677	0	3	7	0	1	51.5	5/11	1/190	2	33/50/64	3.105	0 00:00:24	26MB 	0.6393977427969173
195 	    12130	0.9671	0.9671	    12130	0.9671	0.9671	0	5	6	0	1	51.5	6/17	2/191	1	37/52/64	5.987	0 00:00:21	83MB 	0.5858625733122533
196 	    12130	0.9677	0.9677	    12130	0.9677	0.9677	0	6	6	0	0	51.5	6/17	3/192	0	34/54/64	3.197	0 00:00:16	72MB 	0.574459952612718
197 	    12130	0.9677	0.9677	    12130	0.9677	0.9677	0	5	5	0	1	51.5	6/18	4/193	0	30/51/64	4.228	0 00:00:12	84MB 	0.5509217178567927
198 	    12589	0.9677	0.9677	    12589	0.9677	0.9677	0	3	5	0	0	51.5	5/18	4/194	1	27/48/63	4.366	0 00:00:08	58MB 	0.5789760326345762
199 	    12589	0.9677	0.9677	    12589	0.9677	0.9677	0	5	4	0	1	50.5	5/20	6/195	1	22/48/64	4.365	0 00:00:04	76MB 	0.5009002474447092
