Gen	Fittest  	F0HANN	Perfor	BestPrf  	F0HANN	Perfor	ZPC	ZFC	SC	NS	ES	SCT	SS	SA    	SNBP	GS      	Time	ETA      	Mem		Avg
0 	     1127	0.7421	0.7421	     1127	0.7421	0.7421	0	20	30	30	0	4.0	0/1	0/1	0	59/61/64	8.382	0 00:27:56	169MB 	0.28958206534385683
1 	     1127	0.7265	0.7265	     1127	0.7265	0.7265	0	2	37	29	22	4.0	0/2	0/2	0	59/61/65	4.552	0 00:26:32	48MB 	0.4763144373893738
2 	     1127	0.7265	0.7265	     1127	0.7265	0.7265	0	5	33	29	33	4.0	0/3	0/3	0	57/61/66	3.609	0 00:24:57	104MB 	0.43251642733812334
3 	     1478	0.7504	0.7504	     1478	0.7504	0.7504	0	1	32	23	24	4.0	0/3	0/3	0	56/60/66	4.849	0 00:23:56	156MB 	0.49337279349565505
4 	     1478	0.7684	0.7684	     1478	0.7684	0.7684	0	5	33	30	29	4.0	0/2	0/2	1	56/61/68	4.380	0 00:22:52	208MB 	0.4498897332411546
5 	     1478	0.7684	0.7684	     1478	0.7684	0.7684	0	3	32	24	25	6.2	0/3	0/3	0	56/61/68	4.181	0 00:21:50	281MB 	0.4811154782772064
6 	     1478	0.7684	0.7684	     1478	0.7684	0.7684	0	1	32	24	24	6.2	0/2	0/4	0	57/61/68	4.149	0 00:20:53	119MB 	0.4854210764169693
7 	     1478	0.7684	0.7684	     1478	0.7684	0.7684	0	3	32	27	27	6.2	0/1	0/5	0	55/61/69	3.893	0 00:19:57	229MB 	0.44717752635478974
8 	     1478	0.7684	0.7684	     1478	0.7684	0.7684	0	4	30	24	26	6.2	0/2	0/6	0	55/60/69	4.543	0 00:19:19	138MB 	0.46461910754442215
9 	     1478	0.7684	0.7684	     1478	0.7684	0.7684	0	3	33	27	24	6.2	0/2	0/7	0	56/59/63	4.097	0 00:18:36	83MB 	0.4641086578369141
10 	     1478	0.7684	0.7684	     1478	0.7684	0.7684	0	1	34	26	25	9.7	0/2	0/8	0	55/60/64	3.372	0 00:17:43	69MB 	0.49515661150217055
11 	     1478	0.7684	0.7684	     1478	0.7684	0.7684	0	0	23	13	24	9.7	0/5	0/9	1	56/60/65	3.861	0 00:17:05	85MB 	0.49252949506044386
12 	     1478	0.7684	0.7684	     1478	0.7684	0.7684	0	0	26	19	16	9.7	0/6	0/10	1	55/59/63	3.875	0 00:16:30	126MB 	0.5093676000833511
13 	     1478	0.7684	0.7684	     1478	0.7684	0.7684	0	0	21	16	21	9.7	0/6	0/11	0	55/59/65	3.386	0 00:15:50	56MB 	0.4930094939011794
14 	     1478	0.7684	0.7684	     1478	0.7684	0.7684	0	0	27	19	13	9.7	0/5	0/12	1	53/59/65	3.282	0 00:15:11	117MB 	0.4890249013900757
15 	     1478	0.7684	0.7684	     1478	0.7684	0.7684	0	0	27	19	19	14.0	0/5	0/13	1	53/60/66	4.180	0 00:14:53	163MB 	0.5071830347180366
16 	     2215	0.7684	0.7684	     2208	0.7684	0.7684	0	7	22	11	16	14.0	0/9	0/13	2	53/59/64	5.875	0 00:15:08	57MB 	0.45514677860298935
17 	     2208	0.7684	0.7684	     2208	0.7684	0.7684	0	1	25	17	14	14.0	0/5	0/2	1	52/57/66	4.717	0 00:14:59	64MB 	0.5128947764635086
18 	     2326	0.8598	0.8598	     2326	0.8598	0.8598	0	0	20	10	15	14.0	0/14	0/2	1	50/57/65	4.251	0 00:14:42	190MB 	0.5468274561726317
19 	     2326	0.8598	0.8598	     2326	0.8598	0.8598	0	0	26	19	13	14.0	0/5	0/2	0	49/54/66	5.852	0 00:14:55	87MB 	0.5221260469786975
Gen	Fittest  	F0HANN	Perfor	BestPrf  	F0HANN	Perfor	ZPC	ZFC	SC	NS	ES	SCT	SS	SA    	SNBP	GS      	Time	ETA      	Mem		Avg
20 	     2326	0.8598	0.8598	     2326	0.8598	0.8598	0	1	23	14	17	19.1	0/13	0/3	2	50/55/64	7.265	0 00:15:32	154MB 	0.5536985552310943
21 	     2326	0.8598	0.8598	     2326	0.8598	0.8598	0	1	15	5	13	19.1	0/13	0/4	3	50/58/65	3.908	0 00:15:04	58MB 	0.5328166557521354
22 	     2326	0.8598	0.8598	     2326	0.8598	0.8598	0	2	15	7	7	19.1	0/10	0/5	4	50/57/67	5.079	0 00:15:00	75MB 	0.5032708545525869
23 	     2635	0.8598	0.8598	     2635	0.8598	0.8598	0	0	17	8	6	19.1	0/8	0/6	4	49/58/68	5.246	0 00:14:58	45MB 	0.5538755728273975
24 	     2635	0.8401	0.8401	     2635	0.8401	0.8401	0	0	19	12	10	19.1	0/8	0/7	3	52/58/67	5.130	0 00:14:54	190MB 	0.5792867168784142
25 	     2635	0.8598	0.8598	     2635	0.8598	0.8598	0	5	13	4	10	22.1	0/11	0/8	6	52/56/67	4.486	0 00:14:38	50MB 	0.5791550613939762
26 	     2635	0.8598	0.8598	     2635	0.8598	0.8598	0	2	9	3	7	22.1	0/13	0/9	4	50/56/68	5.479	0 00:14:41	61MB 	0.5950648486614227
27 	     2635	0.8598	0.8598	     2635	0.8598	0.8598	0	4	6	2	5	22.1	0/16	0/10	2	50/56/68	4.138	0 00:14:20	82MB 	0.5855709376434485
28 	     2635	0.8598	0.8598	     2635	0.8598	0.8598	0	3	9	5	2	22.1	0/19	0/11	1	50/58/69	5.006	0 00:14:16	150MB 	0.5803305591855731
29 	     2635	0.8598	0.8598	     2635	0.8598	0.8598	0	4	7	2	4	22.1	0/13	0/12	2	47/57/68	7.947	0 00:15:02	173MB 	0.5757545590400696
30 	     2635	0.8598	0.8598	     2635	0.8598	0.8598	0	0	11	5	1	24.8	0/14	0/13	2	46/60/68	6.035	0 00:15:09	74MB 	0.6420067882537842
31 	     2635	0.8598	0.8598	     2635	0.8598	0.8598	0	0	9	2	4	24.8	0/13	0/14	2	48/58/68	5.340	0 00:15:04	32MB 	0.6004878915846348
32 	     2635	0.8598	0.8598	     2635	0.8598	0.8598	0	1	10	4	3	24.8	0/13	0/15	2	49/60/67	4.772	0 00:14:49	52MB 	0.6158851701386121
33 	     2635	0.8528	0.8528	     2635	0.8528	0.8528	0	1	10	3	3	24.8	0/15	0/16	3	52/59/66	5.913	0 00:14:54	43MB 	0.6261796184948513
34 	     2635	0.8598	0.8598	     2635	0.8598	0.8598	0	1	11	4	3	24.8	0/12	0/17	3	51/60/68	3.795	0 00:14:23	52MB 	0.6655201696335001
35 	     2635	0.8598	0.8598	     2635	0.8598	0.8598	0	1	13	6	4	28.7	0/8	0/18	3	48/59/69	4.882	0 00:14:12	262MB 	0.6407552691216164
36 	     3428	0.8600	0.8600	     3428	0.8600	0.8600	0	3	8	0	5	28.7	5/11	1/19	4	50/59/68	4.501	0 00:13:56	234MB 	0.6785542003962458
37 	     3489	0.8612	0.8612	     3489	0.8612	0.8612	0	2	7	1	2	28.7	0/12	0/20	2	53/58/63	4.900	0 00:13:48	39MB 	0.6496642536305367
38 	     3571	0.8776	0.8776	     3571	0.8776	0.8776	0	0	8	3	2	28.7	0/16	0/20	2	52/58/63	5.668	0 00:13:52	81MB 	0.7335683442652225
39 	     3571	0.8776	0.8776	     3571	0.8776	0.8776	0	1	7	2	3	28.7	0/22	0/8	1	50/59/62	5.051	0 00:13:46	168MB 	0.6961881543199221
Gen	Fittest  	F0HANN	Perfor	BestPrf  	F0HANN	Perfor	ZPC	ZFC	SC	NS	ES	SCT	SS	SA    	SNBP	GS      	Time	ETA      	Mem		Avg
40 	     3571	0.8776	0.8776	     3571	0.8776	0.8776	0	3	6	1	2	29.3	0/15	0/8	1	52/59/63	4.914	0 00:13:37	148MB 	0.6630023221174876
41 	     3571	0.8786	0.8786	     3571	0.8786	0.8786	0	9	6	2	2	29.3	0/15	0/6	3	48/58/63	5.036	0 00:13:31	110MB 	0.5837496604238238
42 	     3571	0.8774	0.8774	     3571	0.8774	0.8774	0	6	7	3	2	29.3	0/17	0/7	0	50/57/63	5.181	0 00:13:27	107MB 	0.6299526429176331
43 	     3571	0.8776	0.8776	     3571	0.8776	0.8776	0	0	11	6	2	29.3	0/12	0/8	1	40/57/64	6.880	0 00:13:50	114MB 	0.7532713711261749
44 	     3954	0.8776	0.8776	     3920	0.8776	0.8776	0	2	10	2	3	29.3	0/13	0/9	2	41/54/64	5.060	0 00:13:41	48MB 	0.7197409758762437
45 	     3920	0.8776	0.8776	     3920	0.8776	0.8776	0	0	9	3	4	31.6	0/12	0/10	1	39/54/63	5.504	0 00:13:40	153MB 	0.7156033351066264
46 	     4055	0.8786	0.8786	     4055	0.8786	0.8786	0	2	7	0	2	31.6	0/13	0/11	1	43/54/64	5.196	0 00:13:33	34MB 	0.710765415430069
47 	     4055	0.8776	0.8776	     4055	0.8776	0.8776	0	1	10	4	1	31.6	0/11	0/12	0	42/55/66	5.708	0 00:13:34	189MB 	0.6654996385379713
48 	     4055	0.8776	0.8776	     4055	0.8776	0.8776	0	2	9	0	1	31.6	0/12	0/13	4	45/56/62	5.685	0 00:13:34	120MB 	0.7231806206703186
49 	     4174	0.8776	0.8776	     4174	0.8776	0.8776	0	2	7	1	3	31.6	0/21	0/13	1	50/57/64	4.875	0 00:13:22	151MB 	0.7026647291284926
50 	     4174	0.8776	0.8776	     4174	0.8776	0.8776	0	6	4	0	3	31.0	0/18	0/3	1	53/58/63	4.975	0 00:13:11	136MB 	0.6575641334056854
51 	     4377	0.8789	0.8789	     4377	0.8789	0.8789	0	2	9	5	0	31.0	0/24	0/4	2	51/58/62	5.282	0 00:13:06	167MB 	0.685347865819931
52 	     4429	0.8816	0.8816	     4429	0.8816	0.8816	0	0	8	2	3	31.0	0/17	0/5	4	53/58/63	5.213	0 00:13:00	64MB 	0.743589448928833
53 	     4429	0.8815	0.8815	     4429	0.8815	0.8815	0	1	8	2	2	31.0	0/11	0/6	3	53/58/62	5.255	0 00:12:54	170MB 	0.7498121894135767
54 	     4429	0.8831	0.8831	     4429	0.8831	0.8831	0	0	6	1	3	31.0	0/15	0/7	4	43/58/63	5.226	0 00:12:49	113MB 	0.7742202549564595
55 	     4429	0.8831	0.8831	     4429	0.8831	0.8831	0	1	8	3	1	32.9	0/14	0/8	3	43/56/63	6.229	0 00:12:57	126MB 	0.7358934149450186
56 	     4429	0.8831	0.8831	     4429	0.8831	0.8831	0	3	8	1	1	32.9	0/11	0/9	3	43/54/61	5.060	0 00:12:48	132MB 	0.7392491625279797
57 	     4429	0.8831	0.8831	     4429	0.8831	0.8831	0	1	9	1	0	32.9	0/11	0/10	2	51/59/63	5.155	0 00:12:40	177MB 	0.7576153679769866
58 	     4429	0.8831	0.8831	     4429	0.8831	0.8831	0	1	9	2	2	32.9	0/12	0/11	2	51/59/63	5.099	0 00:12:31	83MB 	0.7600077427923679
59 	     4861	0.8938	0.8938	     4861	0.8938	0.8938	0	4	9	0	0	32.9	0/11	0/12	5	54/59/62	5.063	0 00:12:23	42MB 	0.7360856254050072
Gen	Fittest  	F0HANN	Perfor	BestPrf  	F0HANN	Perfor	ZPC	ZFC	SC	NS	ES	SCT	SS	SA    	SNBP	GS      	Time	ETA      	Mem		Avg
60 	     4861	0.8938	0.8938	     4861	0.8938	0.8938	0	2	9	2	2	35.5	0/11	0/13	2	50/60/63	4.388	0 00:12:05	124MB 	0.7451223447918892
61 	     4947	0.8938	0.8938	     4947	0.8938	0.8938	0	4	8	1	2	35.5	0/11	0/14	2	51/60/65	4.488	0 00:11:50	210MB 	0.6882855246464411
62 	     4947	0.8938	0.8938	     4947	0.8938	0.8938	0	0	6	1	3	35.5	0/13	0/15	0	51/60/65	4.916	0 00:11:43	217MB 	0.7740733661550157
63 	     4947	0.8938	0.8938	     4947	0.8938	0.8938	0	2	7	1	0	35.5	0/14	0/16	2	47/60/65	5.169	0 00:11:39	113MB 	0.7542206728458405
64 	     4947	0.8938	0.8938	     4947	0.8938	0.8938	0	1	8	3	2	35.5	0/14	0/17	0	56/61/66	4.413	0 00:11:24	209MB 	0.7391680603226026
65 	     4947	0.8938	0.8938	     4947	0.8938	0.8938	0	2	5	1	4	35.5	0/19	0/18	0	46/59/67	5.841	0 00:11:30	91MB 	0.705039552279881
66 	     4947	0.8938	0.8938	     4947	0.8938	0.8938	0	0	6	2	1	36.2	0/22	0/19	2	52/59/64	4.574	0 00:11:18	62MB 	0.7687504242877571
67 	     4947	0.8938	0.8938	     4947	0.8938	0.8938	0	2	5	1	2	36.2	0/23	0/20	1	52/60/65	4.690	0 00:11:08	128MB 	0.7150101125240326
68 	     4947	0.8938	0.8938	     4947	0.8938	0.8938	0	3	4	0	1	36.2	6/18	1/21	3	51/58/65	4.541	0 00:10:56	188MB 	0.7134573800223214
69 	     5407	0.8997	0.8997	     5407	0.8997	0.8997	0	1	4	0	0	36.2	5/23	2/22	2	48/58/67	4.575	0 00:10:46	128MB 	0.7465565121173858
70 	     5407	0.8973	0.8973	     5407	0.8973	0.8973	0	4	7	3	0	36.2	0/18	0/23	1	49/58/67	5.758	0 00:10:52	72MB 	0.6799474310874939
71 	     5407	0.8973	0.8973	     5407	0.8973	0.8973	0	1	7	1	1	37.7	0/14	0/24	3	47/58/67	3.960	0 00:10:33	160MB 	0.6796264612674713
72 	     5407	0.8997	0.8997	     5407	0.8997	0.8997	0	0	7	2	2	37.7	0/12	0/25	0	47/59/67	6.871	0 00:10:54	55MB 	0.7355031517087197
73 	     5621	0.8973	0.8973	     5621	0.8973	0.8973	0	2	6	0	1	37.7	0/12	0/26	2	43/61/68	4.663	0 00:10:43	47MB 	0.7232232213020324
74 	     5621	0.8973	0.8973	     5621	0.8973	0.8973	0	2	8	3	1	37.7	0/10	0/27	2	48/60/68	5.087	0 00:10:38	81MB 	0.7280502696426547
75 	     5621	0.8941	0.8941	     5621	0.8941	0.8941	0	1	7	0	1	37.7	2/11	1/28	4	53/62/69	5.228	0 00:10:35	99MB 	0.7338181877136231
76 	     5621	0.8973	0.8973	     5621	0.8973	0.8973	0	1	7	1	1	39.2	0/13	0/29	2	54/60/67	4.491	0 00:10:23	130MB 	0.7167578570696772
77 	     5621	0.8973	0.8973	     5621	0.8973	0.8973	0	3	6	0	1	39.2	0/12	0/30	0	49/60/68	3.947	0 00:10:04	90MB 	0.7112155921605169
78 	     5621	0.8973	0.8973	     5621	0.8973	0.8973	0	1	8	2	0	39.2	0/16	0/31	1	49/59/67	5.912	0 00:10:12	188MB 	0.7594310343265533
79 	     5621	0.8973	0.8973	     5621	0.8973	0.8973	0	3	7	2	3	39.2	0/14	0/32	2	48/59/68	5.670	0 00:10:15	165MB 	0.6921118181578967
Gen	Fittest  	F0HANN	Perfor	BestPrf  	F0HANN	Perfor	ZPC	ZFC	SC	NS	ES	SCT	SS	SA    	SNBP	GS      	Time	ETA      	Mem		Avg
80 	     5621	0.8941	0.8941	     5621	0.8941	0.8941	0	1	9	2	0	39.2	0/13	0/33	2	49/57/68	4.871	0 00:10:07	64MB 	0.721543641090393
81 	     5621	0.8973	0.8973	     5621	0.8973	0.8973	0	0	8	0	1	41.5	0/15	0/34	2	47/59/67	4.318	0 00:09:53	185MB 	0.7308964838787001
82 	     5621	0.8973	0.8973	     5621	0.8973	0.8973	0	3	6	0	2	41.5	6/15	1/35	2	42/56/67	6.795	0 00:10:10	46MB 	0.7169546186923981
83 	     5621	0.8973	0.8973	     5621	0.8973	0.8973	0	3	6	1	1	41.5	0/17	0/36	2	44/56/67	4.759	0 00:10:00	133MB 	0.675794783903628
84 	     5621	0.8997	0.8997	     5621	0.8997	0.8997	0	1	8	2	0	41.5	0/14	0/37	1	40/58/68	5.462	0 00:09:58	113MB 	0.7107842600345612
85 	     5621	0.8973	0.8973	     5621	0.8973	0.8973	0	1	6	0	2	41.5	0/16	0/38	0	44/57/67	5.109	0 00:09:53	150MB 	0.7203775429725647
86 	     5621	0.8973	0.8973	     5621	0.8973	0.8973	0	2	7	2	1	43.2	0/17	0/39	0	42/55/68	4.826	0 00:09:44	65MB 	0.7158253395557403
87 	     6381	0.8980	0.8980	     6381	0.8980	0.8980	0	3	6	0	1	43.2	6/10	1/40	1	43/53/68	4.382	0 00:09:30	81MB 	0.6798272430896759
88 	     6381	0.8980	0.8980	     6381	0.8980	0.8980	0	0	7	2	1	43.2	0/14	0/41	1	44/52/68	4.007	0 00:09:14	266MB 	0.6963532019634636
89 	     6381	0.8980	0.8980	     6381	0.8980	0.8980	0	2	7	1	1	43.2	0/15	0/42	2	43/53/67	4.124	0 00:09:00	224MB 	0.6999403619766236
90 	     6381	0.8980	0.8980	     6381	0.8980	0.8980	0	1	8	1	0	43.2	0/12	0/43	2	49/58/69	6.909	0 00:09:17	204MB 	0.7240276567789973
91 	     6381	0.8980	0.8980	     6381	0.8980	0.8980	0	2	6	0	2	44.0	6/15	2/44	2	46/59/71	4.032	0 00:09:01	52MB 	0.7496736378085856
92 	     6381	0.8980	0.8980	     6381	0.8980	0.8980	0	1	6	1	1	44.0	0/18	0/45	0	43/59/71	4.458	0 00:08:51	129MB 	0.740057056148847
93 	     6630	0.9003	0.9003	     6630	0.9003	0.9003	0	1	9	4	1	44.0	0/18	0/46	2	45/55/69	4.548	0 00:08:42	97MB 	0.7148772770044755
94 	     6798	0.9003	0.9003	     6798	0.9003	0.9003	0	3	6	0	3	44.0	0/11	0/47	2	45/58/69	5.340	0 00:08:42	125MB 	0.6828832864761353
95 	     6798	0.8980	0.8980	     6798	0.8980	0.8980	0	1	5	0	1	44.0	2/24	2/48	0	43/55/69	5.216	0 00:08:40	101MB 	0.737740831375122
96 	     6798	0.8980	0.8980	     6798	0.8980	0.8980	0	1	8	3	0	46.7	0/12	0/49	0	43/56/69	4.170	0 00:08:27	192MB 	0.7009170937538147
97 	     6798	0.8980	0.8980	     6798	0.8980	0.8980	0	3	6	0	2	46.7	7/10	1/50	1	43/55/69	5.458	0 00:08:28	159MB 	0.6998661029338836
98 	     6798	0.8980	0.8980	     6798	0.8980	0.8980	0	1	6	1	1	46.7	0/14	0/51	0	43/58/69	4.881	0 00:08:23	80MB 	0.7007482295133629
99 	     6798	0.8980	0.8980	     6798	0.8980	0.8980	0	2	6	1	1	46.7	0/18	0/52	0	40/55/70	6.126	0 00:08:30	38MB 	0.7053336191177368
Gen	Fittest  	F0HANN	Perfor	BestPrf  	F0HANN	Perfor	ZPC	ZFC	SC	NS	ES	SCT	SS	SA    	SNBP	GS      	Time	ETA      	Mem		Avg
100 	     6798	0.8980	0.8980	     6798	0.8980	0.8980	0	0	6	1	1	46.7	0/15	0/53	1	39/55/70	5.391	0 00:08:28	41MB 	0.723199396717305
101 	     6798	0.8980	0.8980	     6798	0.8980	0.8980	0	2	6	1	1	47.6	0/15	0/54	0	45/55/69	5.516	0 00:08:27	94MB 	0.7423053026199341
102 	     6798	0.8980	0.8980	     6798	0.8980	0.8980	0	2	6	0	0	47.6	5/11	1/55	2	48/57/70	5.460	0 00:08:25	176MB 	0.6990235066413879
103 	     7300	0.9008	0.9008	     7300	0.9008	0.9008	0	0	7	1	0	47.6	0/14	0/56	2	41/59/72	6.467	0 00:08:33	76MB 	0.7324566125869751
104 	     7300	0.9008	0.9008	     7300	0.9008	0.9008	0	3	7	1	1	47.6	0/14	0/57	3	48/61/72	5.785	0 00:08:33	91MB 	0.6794400178656286
105 	     7300	0.9008	0.9008	     7300	0.9008	0.9008	0	1	5	0	2	47.6	6/17	2/58	2	42/58/72	5.700	0 00:08:31	144MB 	0.7559031041301026
106 	     7300	0.9008	0.9008	     7300	0.9008	0.9008	0	4	5	0	0	47.6	6/16	3/58	0	47/59/73	5.675	0 00:08:28	76MB 	0.7159199345111847
107 	     7504	0.9187	0.9187	     7504	0.9187	0.9187	0	6	5	1	1	47.6	0/20	0/34	1	51/63/72	5.651	0 00:08:25	171MB 	0.639535125421018
108 	     7504	0.9187	0.9187	     7504	0.9187	0.9187	0	2	6	2	1	48.6	0/24	0/35	0	46/60/72	6.287	0 00:08:27	150MB 	0.7240034208005789
109 	     7504	0.9187	0.9187	     7504	0.9187	0.9187	0	1	4	0	2	48.6	8/18	1/36	1	44/60/73	7.075	0 00:08:36	69MB 	0.7042639148235321
110 	     7504	0.9187	0.9187	     7504	0.9187	0.9187	0	2	5	1	0	48.6	0/27	0/37	1	48/59/72	4.796	0 00:08:23	240MB 	0.6723199725151062
111 	     7504	0.9187	0.9187	     7504	0.9187	0.9187	0	0	5	0	0	48.6	0/28	0/38	0	46/60/73	4.546	0 00:08:08	22MB 	0.7637849879264832
112 	     7815	0.9239	0.9239	     7815	0.9239	0.9239	0	1	5	0	0	48.6	0/28	0/39	2	44/61/73	6.026	0 00:08:07	73MB 	0.7447684895992279
113 	     7815	0.9187	0.9187	     7815	0.9187	0.9187	0	2	7	2	0	50.5	0/20	0/39	1	44/59/73	5.475	0 00:08:01	155MB 	0.6718932867050171
114 	     7815	0.9187	0.9187	     7815	0.9187	0.9187	0	5	6	2	3	50.5	0/14	0/13	0	44/62/74	4.942	0 00:07:50	107MB 	0.6518119646578419
115 	     7815	0.9239	0.9239	     7815	0.9239	0.9239	0	4	6	1	1	50.5	0/16	0/13	1	42/62/74	4.084	0 00:07:33	100MB 	0.6885982751846313
116 	     7815	0.9239	0.9239	     7815	0.9239	0.9239	0	3	5	1	2	50.5	5/13	1/8	2	42/59/73	4.795	0 00:07:23	110MB 	0.7081238590180874
117 	     8086	0.9239	0.9239	     8072	0.9239	0.9239	0	4	6	1	0	50.5	0/16	0/9	1	42/59/71	4.367	0 00:07:10	136MB 	0.6937495243549346
118 	     8174	0.9187	0.9187	     8072	0.9187	0.9187	0	4	5	1	2	50.5	0/14	0/10	0	41/61/70	5.461	0 00:07:08	192MB 	0.6872337886265346
119 	     8232	0.9187	0.9187	     8072	0.9187	0.9187	0	1	6	1	0	51.5	0/13	0/11	2	39/61/70	4.343	0 00:06:55	102MB 	0.7643681728839874
Gen	Fittest  	F0HANN	Perfor	BestPrf  	F0HANN	Perfor	ZPC	ZFC	SC	NS	ES	SCT	SS	SA    	SNBP	GS      	Time	ETA      	Mem		Avg
120 	     8275	0.9239	0.9239	     8275	0.9239	0.9239	0	4	6	0	0	51.5	0/13	0/12	2	34/59/70	5.453	0 00:06:53	178MB 	0.7189181756973266
121 	     8275	0.9187	0.9187	     8275	0.9187	0.9187	0	2	7	1	0	51.5	0/21	0/13	1	39/59/71	6.048	0 00:06:55	118MB 	0.7017652647835868
122 	     8275	0.9204	0.9204	     8275	0.9204	0.9204	0	4	6	1	2	51.5	5/12	1/14	3	42/61/71	4.726	0 00:06:45	108MB 	0.67528639609615
123 	     8275	0.9187	0.9187	     8275	0.9187	0.9187	0	0	6	0	0	51.5	5/11	2/15	3	43/60/72	4.292	0 00:06:33	198MB 	0.7522904288768768
124 	     8275	0.9187	0.9187	     8275	0.9187	0.9187	0	1	6	0	0	52.6	4/15	2/16	2	43/58/70	4.114	0 00:06:20	126MB 	0.7536038088798523
125 	     8275	0.9187	0.9187	     8275	0.9187	0.9187	0	0	5	0	1	52.6	5/16	4/17	1	44/57/72	4.597	0 00:06:12	105MB 	0.7665356628748835
126 	     8275	0.9204	0.9204	     8275	0.9204	0.9204	0	2	7	2	0	52.6	0/16	0/18	1	43/59/72	5.278	0 00:06:10	182MB 	0.7319482159614563
127 	     8275	0.9187	0.9187	     8275	0.9187	0.9187	0	4	6	1	2	52.6	0/14	0/19	0	44/58/70	5.149	0 00:06:06	88MB 	0.683522846698761
128 	     8738	0.9299	0.9299	     8738	0.9299	0.9299	0	1	5	0	1	52.6	0/19	0/20	1	44/59/69	4.593	0 00:05:58	27MB 	0.7362184901626743
129 	     8763	0.9460	0.9460	     8763	0.9460	0.9460	0	2	7	2	0	54.7	0/17	0/21	2	38/60/70	4.611	0 00:05:50	56MB 	0.7326385307312012
130 	     8763	0.9460	0.9460	     8763	0.9460	0.9460	0	3	7	0	0	54.7	0/12	0/22	1	44/63/72	5.216	0 00:05:47	122MB 	0.7076786160469055
131 	     8763	0.9467	0.9467	     8763	0.9467	0.9467	0	3	8	1	0	54.7	0/9	0/23	4	38/65/73	4.580	0 00:05:40	79MB 	0.6915603961263385
132 	     8763	0.9451	0.9451	     8763	0.9451	0.9451	0	3	8	0	0	54.7	5/12	1/24	1	42/59/71	5.726	0 00:05:40	65MB 	0.7099693703154722
133 	     8763	0.9460	0.9460	     8763	0.9460	0.9460	0	4	7	1	2	54.7	0/13	0/25	2	38/55/67	5.168	0 00:05:36	60MB 	0.7053814865648746
134 	     8763	0.9460	0.9460	     8763	0.9460	0.9460	0	2	4	0	3	53.6	5/18	1/26	2	41/54/69	5.162	0 00:05:32	88MB 	0.677992545543833
135 	     8763	0.9460	0.9460	     8763	0.9460	0.9460	0	4	4	0	0	53.6	5/21	2/27	2	41/56/69	5.454	0 00:05:30	169MB 	0.6955105292797089
136 	     9133	0.9467	0.9467	     9133	0.9467	0.9467	0	0	5	1	0	53.6	0/18	0/28	2	41/58/69	5.657	0 00:05:29	103MB 	0.6968986678123474
137 	     9133	0.9460	0.9460	     9133	0.9460	0.9460	0	1	5	0	0	53.6	5/16	1/29	1	43/58/70	5.847	0 00:05:28	125MB 	0.7617198467254639
138 	     9133	0.9467	0.9467	     9133	0.9467	0.9467	0	2	5	0	0	53.6	7/14	2/30	2	43/57/69	4.772	0 00:05:20	155MB 	0.7456964671611785
139 	     9133	0.9460	0.9460	     9133	0.9460	0.9460	0	1	5	0	0	53.6	6/15	3/31	0	37/55/69	4.222	0 00:05:09	83MB 	0.7773129880428314
Gen	Fittest  	F0HANN	Perfor	BestPrf  	F0HANN	Perfor	ZPC	ZFC	SC	NS	ES	SCT	SS	SA    	SNBP	GS      	Time	ETA      	Mem		Avg
140 	     9133	0.9460	0.9460	     9133	0.9460	0.9460	0	2	6	1	0	54.6	0/17	0/31	0	38/48/67	4.662	0 00:05:02	69MB 	0.7102094101905823
141 	     9133	0.9460	0.9460	     9133	0.9460	0.9460	0	2	6	0	0	54.6	3/21	1/31	1	38/47/63	5.053	0 00:04:57	78MB 	0.7113822333666743
142 	     9133	0.9460	0.9460	     9133	0.9460	0.9460	0	2	5	0	1	54.6	4/23	2/31	1	37/51/64	5.585	0 00:04:55	148MB 	0.7159311212599277
143 	     9133	0.9460	0.9460	     9133	0.9460	0.9460	0	2	5	1	1	54.6	0/14	0/28	0	40/48/64	5.368	0 00:04:52	105MB 	0.6886641079065751
144 	     9133	0.9460	0.9460	     9133	0.9460	0.9460	0	2	5	0	0	54.6	0/18	0/29	1	40/49/65	4.741	0 00:04:44	130MB 	0.6998152315616608
145 	     9133	0.9460	0.9460	     9133	0.9460	0.9460	0	3	5	1	1	54.6	0/29	0/29	0	44/50/64	4.083	0 00:04:34	176MB 	0.6934979712963104
146 	     9133	0.9460	0.9460	     9133	0.9460	0.9460	0	7	7	2	0	56.8	0/18	0/29	3	41/48/63	5.762	0 00:04:33	216MB 	0.6113281858210661
147 	     9133	0.9460	0.9460	     9133	0.9460	0.9460	0	3	4	0	3	56.8	5/26	1/17	2	40/49/64	5.242	0 00:04:29	230MB 	0.7494000074814777
148 	     9133	0.9460	0.9460	     9133	0.9460	0.9460	0	4	6	2	0	56.8	0/23	0/18	1	39/53/65	5.572	0 00:04:26	50MB 	0.6923563735825675
149 	     9949	0.9466	0.9466	     9949	0.9466	0.9466	0	1	5	0	1	56.8	6/18	1/19	3	42/55/67	5.035	0 00:04:21	112MB 	0.7611662161593534
150 	     9949	0.9466	0.9466	     9949	0.9466	0.9466	0	2	4	0	1	56.8	7/22	2/20	1	43/55/67	6.140	0 00:04:21	53MB 	0.7363668607205761
151 	     9949	0.9466	0.9466	     9949	0.9466	0.9466	0	3	5	1	0	56.8	0/19	0/21	1	44/56/66	5.065	0 00:04:15	53MB 	0.6595134382345238
152 	     9949	0.9466	0.9466	     9949	0.9466	0.9466	0	1	4	0	1	55.7	8/15	1/22	2	43/54/66	6.391	0 00:04:15	77MB 	0.733701576991957
153 	     9949	0.9466	0.9466	     9949	0.9466	0.9466	0	2	5	1	0	55.7	0/15	0/23	0	43/55/66	5.222	0 00:04:10	58MB 	0.731849524974823
154 	     9949	0.9466	0.9466	     9949	0.9466	0.9466	0	0	4	0	1	55.7	6/20	3/24	0	36/51/67	6.983	0 00:04:12	82MB 	0.7716032946109772
155 	    10274	0.9466	0.9466	    10214	0.9466	0.9466	0	5	5	1	0	55.7	0/19	0/25	0	38/50/57	5.588	0 00:04:07	126MB 	0.6831513547897339
156 	    10317	0.9466	0.9466	    10214	0.9466	0.9466	0	2	6	1	0	55.7	0/20	0/26	0	43/52/59	5.371	0 00:04:01	213MB 	0.7567166566848755
157 	    10376	0.9466	0.9466	    10214	0.9466	0.9466	0	3	5	0	1	55.7	5/15	1/27	1	43/51/58	4.761	0 00:03:52	101MB 	0.7007564055919647
158 	    10441	0.9483	0.9483	    10441	0.9483	0.9483	0	5	6	1	0	56.8	5/12	1/28	2	36/51/58	6.066	0 00:03:50	55MB 	0.7028968524932862
159 	    10441	0.9483	0.9483	    10441	0.9483	0.9483	0	4	6	0	0	56.8	6/11	2/29	0	33/51/59	6.572	0 00:03:49	70MB 	0.6762174654006958
Gen	Fittest  	F0HANN	Perfor	BestPrf  	F0HANN	Perfor	ZPC	ZFC	SC	NS	ES	SCT	SS	SA    	SNBP	GS      	Time	ETA      	Mem		Avg
160 	    10520	0.9840	0.9840	    10520	0.9840	0.9840	0	4	6	0	0	56.8	5/11	3/30	2	34/49/58	6.408	0 00:03:47	135MB 	0.6989367938041687
161 	    10520	0.9825	0.9825	    10520	0.9825	0.9825	0	5	6	0	0	56.8	5/14	3/30	0	37/52/59	4.666	0 00:03:37	49MB 	0.7096106612682342
162 	    10520	0.9834	0.9834	    10520	0.9834	0.9834	0	3	4	0	2	56.8	5/23	6/22	0	35/50/61	4.298	0 00:03:27	126MB 	0.6726428046822548
163 	    10520	0.9840	0.9840	    10520	0.9840	0.9840	0	4	4	1	1	55.7	0/18	0/23	1	39/53/63	6.167	0 00:03:24	208MB 	0.6793903915249572
164 	    10520	0.9840	0.9840	    10520	0.9840	0.9840	0	1	5	1	0	55.7	0/25	0/24	1	37/53/64	4.008	0 00:03:13	69MB 	0.6916951525211334
165 	    10520	0.9840	0.9840	    10520	0.9840	0.9840	0	2	4	0	1	55.7	7/15	2/25	1	35/52/62	7.346	0 00:03:15	156MB 	0.7184327006340027
166 	    10520	0.9834	0.9834	    10520	0.9834	0.9834	0	2	4	0	0	55.7	5/19	3/26	0	35/52/63	5.345	0 00:03:08	129MB 	0.7253365671634674
167 	    10520	0.9840	0.9840	    10520	0.9840	0.9840	0	3	6	2	0	55.7	0/17	0/27	1	40/52/64	5.271	0 00:03:02	100MB 	0.7422956240177154
168 	    11030	0.9840	0.9840	    11030	0.9840	0.9840	0	4	6	1	1	56.8	0/13	0/28	2	42/53/66	5.509	0 00:02:56	98MB 	0.6926749014854431
169 	    11030	0.9840	0.9840	    11030	0.9840	0.9840	0	4	6	0	0	56.8	0/11	0/29	1	36/50/66	4.952	0 00:02:49	72MB 	0.7011558175086975
170 	    11030	0.9840	0.9840	    11030	0.9840	0.9840	0	3	6	0	0	56.8	0/17	0/30	1	41/51/68	4.613	0 00:02:41	174MB 	0.7050110471248626
171 	    11030	0.9840	0.9840	    11030	0.9840	0.9840	0	4	7	1	0	56.8	0/13	0/31	2	41/51/67	5.672	0 00:02:37	51MB 	0.7044450569152833
172 	    11030	0.9840	0.9840	    11030	0.9840	0.9840	0	6	7	0	0	56.8	5/14	1/31	1	40/53/68	5.214	0 00:02:31	144MB 	0.654715449810028
173 	    11030	0.9840	0.9840	    11030	0.9840	0.9840	0	4	6	0	1	57.9	5/12	2/22	1	43/51/58	5.569	0 00:02:26	101MB 	0.6954256979127725
174 	    11030	0.9840	0.9840	    11030	0.9840	0.9840	0	0	5	0	1	57.9	6/14	3/23	0	35/51/57	4.944	0 00:02:19	116MB 	0.7739784498603977
175 	    11379	0.9840	0.9840	    11379	0.9840	0.9840	0	3	5	0	0	57.9	5/17	4/24	1	38/51/59	6.824	0 00:02:18	115MB 	0.7041132259368896
176 	    11379	0.9840	0.9840	    11379	0.9840	0.9840	0	4	5	0	0	57.9	6/21	5/25	0	35/52/59	4.518	0 00:02:10	38MB 	0.6785072368018481
177 	    11379	0.9840	0.9840	    11379	0.9840	0.9840	0	4	4	0	1	57.9	6/16	6/26	0	38/53/60	5.059	0 00:02:03	66MB 	0.6813352351285973
178 	    11379	0.9840	0.9840	    11379	0.9840	0.9840	0	2	5	1	0	57.9	0/14	0/27	0	42/54/61	5.816	0 00:01:59	51MB 	0.7376052892208099
179 	    11379	0.9840	0.9840	    11379	0.9840	0.9840	0	5	6	1	0	59.1	0/16	0/28	0	41/52/60	5.789	0 00:01:54	106MB 	0.6574898076057434
Gen	Fittest  	F0HANN	Perfor	BestPrf  	F0HANN	Perfor	ZPC	ZFC	SC	NS	ES	SCT	SS	SA    	SNBP	GS      	Time	ETA      	Mem		Avg
180 	    11697	0.9840	0.9840	    11697	0.9840	0.9840	0	0	6	0	0	59.1	0/16	0/29	1	46/55/61	6.615	0 00:01:51	108MB 	0.7400577557086945
181 	    11697	0.9840	0.9840	    11697	0.9840	0.9840	0	4	6	0	0	59.1	0/13	0/30	0	41/55/62	5.994	0 00:01:47	40MB 	0.6789804935455322
182 	    11697	0.9840	0.9840	    11697	0.9840	0.9840	0	1	6	0	0	59.1	0/17	0/31	0	33/53/62	4.479	0 00:01:39	146MB 	0.738690371416053
183 	    11697	0.9840	0.9840	    11697	0.9840	0.9840	0	4	5	0	1	59.1	2/12	1/32	1	44/55/62	5.203	0 00:01:33	60MB 	0.6705637330911598
184 	    11697	0.9840	0.9840	    11697	0.9840	0.9840	0	2	5	0	0	59.1	2/17	2/33	1	46/53/62	4.868	0 00:01:27	134MB 	0.7115606725215912
185 	    11697	0.9840	0.9840	    11697	0.9840	0.9840	0	3	5	0	0	59.1	3/13	3/34	0	36/52/63	6.358	0 00:01:23	63MB 	0.687519679069519
186 	    11697	0.9840	0.9840	    11697	0.9840	0.9840	0	3	5	0	0	59.1	5/16	4/35	1	42/51/61	6.022	0 00:01:18	25MB 	0.6887399435043335
187 	    11697	0.9840	0.9840	    11697	0.9840	0.9840	0	2	5	0	0	59.1	3/20	5/36	1	42/50/60	5.905	0 00:01:13	63MB 	0.7126298248767853
188 	    12166	0.9840	0.9840	    12015	0.9840	0.9840	0	3	5	0	0	59.1	3/22	6/36	0	37/48/56	5.660	0 00:01:07	48MB 	0.7184956681728363
189 	    12195	0.9840	0.9840	    12015	0.9840	0.9840	0	2	6	2	1	60.2	0/22	0/22	1	34/48/56	6.795	0 00:01:03	137MB 	0.758601226368729
190 	    12252	0.9840	0.9840	    12015	0.9840	0.9840	0	3	5	0	1	60.2	0/21	0/23	2	39/48/56	5.112	0 00:00:57	125MB 	0.7289742255210876
191 	    12340	0.9840	0.9840	    12015	0.9840	0.9840	0	3	5	1	1	60.2	0/18	0/24	1	36/48/56	5.089	0 00:00:50	42MB 	0.7354446458816528
192 	    12015	0.9840	0.9840	    12015	0.9840	0.9840	0	2	7	2	0	60.2	0/18	0/25	2	34/49/58	6.766	0 00:00:46	40MB 	0.7704018580913544
193 	    12015	0.9840	0.9840	    12015	0.9840	0.9840	0	0	6	0	1	60.2	5/16	1/26	3	31/48/58	4.564	0 00:00:39	51MB 	0.749403829574585
194 	    12015	0.9840	0.9840	    12015	0.9840	0.9840	0	5	4	0	2	59.0	7/15	2/27	1	30/48/58	4.037	0 00:00:33	99MB 	0.6556590547164282
195 	    12015	0.9840	0.9840	    12015	0.9840	0.9840	0	3	4	0	0	59.0	7/22	3/28	0	36/50/58	5.751	0 00:00:27	117MB 	0.6701206111907959
196 	    12015	0.9840	0.9840	    12015	0.9840	0.9840	0	1	4	0	0	59.0	7/20	4/29	0	39/51/59	5.115	0 00:00:22	55MB 	0.7661121670080691
197 	    12015	0.9840	0.9840	    12015	0.9840	0.9840	0	5	3	0	1	59.0	10/20	5/30	0	32/50/59	5.741	0 00:00:16	204MB 	0.6812319670404706
198 	    12015	0.9840	0.9840	    12015	0.9840	0.9840	0	4	3	0	0	59.0	6/25	6/31	0	40/51/60	5.171	0 00:00:11	175MB 	0.696635822057724
199 	    12015	0.9840	0.9840	    12015	0.9840	0.9840	0	2	6	3	0	60.2	0/22	0/32	1	41/50/58	4.061	0 00:00:05	183MB 	0.7460842740535736
