Gen	Fittest  	F0QLam	Perfor	BestPrf  	F0QLam	Perfor	ZPC	ZFC	SC	NS	ES	SCT	SS	SA    	SNBP	GS      	Time	ETA      	Mem		Avg
0 	     1077	0.2556	0.2556	     1077	0.2556	0.2556	0	0	50	50	0	4.0	0/1	0/1	0	25/26/28	315.665	0 17:32:13	84MB 	0.10843122959136962
1 	     1077	0.2457	0.2457	     1077	0.2457	0.2457	0	0	21	7	36	6.4	0/3	0/2	0	24/26/28	227.468	0 16:57:42	20MB 	0.13906521648168563
2 	     1272	0.2756	0.2756	     1272	0.2756	0.2756	0	0	19	7	9	9.8	0/7	0/3	5	23/26/30	308.567	0 16:53:09	76MB 	0.16110990047454835
3 	     1339	0.4352	0.4352	     1339	0.4352	0.4352	0	0	15	4	8	13.7	0/8	0/3	7	25/27/32	344.118	0 17:00:13	34MB 	0.15590239882469178
4 	     1339	0.4346	0.4346	     1339	0.4346	0.4346	0	0	9	0	6	16.5	3/11	1/3	8	25/27/33	284.148	0 16:46:22	97MB 	0.16151173348012177
5 	     1449	0.4861	0.4861	     1449	0.4861	0.4861	0	0	7	1	3	18.7	0/13	0/4	4	24/26/33	282.866	0 16:33:02	41MB 	0.18109106628791147
6 	     1509	0.4800	0.4800	     1509	0.4800	0.4800	0	0	6	1	2	20.6	0/19	0/5	1	25/26/29	292.164	0 16:23:37	104MB 	0.19610003381967545
7 	     1546	0.5347	0.5347	     1546	0.5347	0.5347	0	0	4	1	3	21.2	0/19	0/6	1	24/26/30	289.953	0 16:13:57	75MB 	0.2239544615149498
8 	     1632	0.5507	0.5507	     1632	0.5507	0.5507	0	0	4	0	0	21.9	0/25	0/7	2	23/26/29	304.744	0 16:09:32	84MB 	0.25734400272369384
9 	     1665	0.5998	0.5998	     1665	0.5998	0.5998	0	0	4	0	0	22.7	0/30	0/8	2	24/26/29	305.372	0 16:05:15	48MB 	0.27504773378372194
10 	     1665	0.6020	0.6020	     1665	0.6020	0.6020	0	0	4	1	1	23.4	0/32	0/9	1	25/27/30	303.611	0 16:00:19	58MB 	0.29133232150759014
11 	     1743	0.6150	0.6150	     1743	0.6150	0.6150	0	0	5	1	0	25.0	0/28	0/10	1	24/27/31	303.384	0 15:55:18	98MB 	0.2984772251576793
12 	     1821	0.6092	0.6092	     1821	0.6092	0.6092	0	0	6	1	0	27.5	0/28	0/11	0	24/26/29	302.037	0 15:49:52	32MB 	0.28579953670501707
13 	     1898	0.6066	0.6066	     1898	0.6066	0.6066	0	0	5	1	2	29.3	0/24	0/12	0	23/27/31	299.631	0 15:43:43	24MB 	0.24707055807113648
14 	     1898	0.6110	0.6110	     1898	0.6110	0.6110	0	0	5	0	0	31.3	0/26	0/13	0	25/28/32	299.459	0 15:37:38	51MB 	0.26057649254798887
15 	     1999	0.6033	0.6033	     1999	0.6033	0.6033	0	0	5	1	1	33.4	0/21	0/14	0	25/28/32	294.236	0 15:30:03	45MB 	0.25977235555648803
16 	     2038	0.6064	0.6064	     2038	0.6064	0.6064	0	0	3	0	2	33.4	11/21	13/15	0	25/28/32	294.169	0 15:22:44	88MB 	0.2128050971031189
17 	     2080	0.6255	0.6255	     2080	0.6255	0.6255	0	0	3	0	0	33.4	10/24	14/16	1	25/28/32	291.509	0 15:14:52	102MB 	0.20255504846572875
18 	     2080	0.6111	0.6111	     2080	0.6111	0.6111	0	0	3	0	0	33.4	14/21	15/17	0	23/28/31	291.965	0 15:07:26	82MB 	0.25117078304290774
19 	     2080	0.6066	0.6066	     2080	0.6066	0.6066	0	0	3	0	0	33.4	11/21	16/18	0	24/28/33	288.472	0 14:59:14	93MB 	0.23053073525428772
Gen	Fittest  	F0QLam	Perfor	BestPrf  	F0QLam	Perfor	ZPC	ZFC	SC	NS	ES	SCT	SS	SA    	SNBP	GS      	Time	ETA      	Mem		Avg
20 	     2240	0.6003	0.6003	     2240	0.6003	0.6003	0	0	6	3	0	36.7	0/21	0/19	1	25/29/33	291.525	0 14:52:18	86MB 	0.24879289388656617
21 	     2240	0.6170	0.6170	     2240	0.6170	0.6170	0	0	3	0	3	36.7	10/29	18/20	0	23/28/34	293.641	0 14:46:12	95MB 	0.27370756030082705
22 	     2369	0.6053	0.6053	     2369	0.6053	0.6053	0	0	5	2	0	39.2	0/28	0/21	0	22/29/34	292.010	0 14:39:46	49MB 	0.28203781843185427
23 	     2452	0.5954	0.5954	     2452	0.5954	0.5954	0	0	4	0	1	40.5	7/21	1/22	1	21/28/35	288.302	0 14:32:23	45MB 	0.2055325973033905
24 	     2484	0.6012	0.6012	     2484	0.6012	0.6012	0	0	4	0	0	41.8	6/15	2/23	1	21/28/35	291.101	0 14:26:06	38MB 	0.22062073588371278
25 	     2484	0.6045	0.6045	     2484	0.6045	0.6045	0	0	4	0	0	43.2	5/19	3/24	0	19/31/36	290.099	0 14:19:40	55MB 	0.2567116129398346
26 	     2600	0.6041	0.6041	     2600	0.6041	0.6041	0	0	4	0	0	44.6	7/20	4/25	0	21/30/36	288.601	0 14:12:59	74MB 	0.1895984375476837
27 	     2600	0.6184	0.6184	     2600	0.6184	0.6184	0	0	4	0	0	46.1	6/19	5/26	0	21/30/38	287.681	0 14:06:13	76MB 	0.19825642943382263
28 	     2709	0.6111	0.6111	     2709	0.6111	0.6111	0	0	4	0	0	47.7	10/14	6/27	2	22/30/40	289.742	0 14:00:15	31MB 	0.22140635132789613
29 	     2779	0.6134	0.6134	     2779	0.6134	0.6134	0	0	4	0	0	49.3	8/16	7/28	2	22/31/42	290.498	0 13:54:37	46MB 	0.28273810386657716
30 	     2844	0.6153	0.6153	     2844	0.6153	0.6153	0	0	4	0	0	50.9	5/17	8/29	1	23/31/40	292.604	0 13:49:40	40MB 	0.2626850974559784
31 	     2898	0.6267	0.6267	     2898	0.6267	0.6267	0	0	4	0	0	52.6	5/16	8/30	2	22/32/40	290.455	0 13:44:07	56MB 	0.2584195041656494
32 	     2973	0.6230	0.6230	     2973	0.6230	0.6230	0	0	4	0	0	54.3	5/17	8/31	0	24/31/42	289.690	0 13:38:26	15MB 	0.2808669890676226
33 	     3011	0.6123	0.6123	     3011	0.6123	0.6123	0	0	3	0	1	54.3	11/24	30/32	2	24/31/43	288.807	0 13:32:36	90MB 	0.29727803930944324
34 	     3011	0.5886	0.5886	     3011	0.5886	0.5886	0	0	3	0	0	54.3	10/25	31/33	0	24/30/37	291.571	0 13:27:37	78MB 	0.24773613929748536
35 	     3160	0.5923	0.5923	     3160	0.5923	0.5923	0	0	3	0	0	54.3	10/25	31/34	1	24/31/37	290.949	0 13:22:30	56MB 	0.3211027181148529
36 	     3185	0.6079	0.6079	     3185	0.6079	0.6079	0	0	3	1	1	54.3	0/27	0/35	1	26/31/39	291.133	0 13:17:27	55MB 	0.372583375901592
37 	     3241	0.6263	0.6263	     3241	0.6263	0.6263	0	0	3	0	0	54.3	10/27	1/36	1	25/31/39	290.773	0 13:12:19	55MB 	0.36946770548820496
38 	     3301	0.6259	0.6259	     3301	0.6259	0.6259	0	0	3	0	0	54.3	4/31	2/37	1	24/32/41	291.531	0 13:07:25	66MB 	0.28028733015060425
39 	     3367	0.6074	0.6074	     3367	0.6074	0.6074	0	0	3	0	0	54.3	11/23	3/38	0	23/32/40	292.028	0 13:02:40	47MB 	0.3234224426746368
Gen	Fittest  	F0QLam	Perfor	BestPrf  	F0QLam	Perfor	ZPC	ZFC	SC	NS	ES	SCT	SS	SA    	SNBP	GS      	Time	ETA      	Mem		Avg
40 	     3416	0.6171	0.6171	     3416	0.6171	0.6171	0	0	3	0	0	54.3	9/28	4/39	1	25/32/41	291.825	0 12:57:51	76MB 	0.2866781437397003
41 	     3474	0.6165	0.6165	     3474	0.6165	0.6165	0	0	3	0	0	54.3	5/33	5/40	0	26/32/41	289.582	0 12:52:25	60MB 	0.27729495644569396
42 	     3561	0.6081	0.6081	     3561	0.6081	0.6081	0	0	3	0	0	54.3	9/30	6/41	0	29/33/42	329.007	0 12:57:27	35MB 	0.3240050208568573
43 	     3599	0.6037	0.6037	     3599	0.6037	0.6037	0	0	3	0	0	54.3	6/29	7/42	0	31/34/43	289.043	0 12:50:54	29MB 	0.30337628904654057
44 	     3660	0.6063	0.6063	     3660	0.6063	0.6063	0	0	3	0	0	54.3	7/29	8/43	0	28/35/44	288.961	0 12:44:32	29MB 	0.353942209482193
45 	     3679	0.6084	0.6084	     3679	0.6084	0.6084	0	0	3	0	0	54.3	8/29	9/44	0	29/34/44	290.704	0 12:38:46	102MB 	0.35837642431259153
46 	     3768	0.6002	0.6002	     3768	0.6002	0.6002	0	0	3	0	0	54.3	6/34	10/45	0	30/35/46	290.602	0 12:33:04	50MB 	0.3019162166118622
47 	     3815	0.6144	0.6144	     3815	0.6144	0.6144	0	0	3	0	0	54.3	10/26	11/46	0	28/35/46	287.839	0 12:26:46	49MB 	0.3520769902638027
48 	     3850	0.6005	0.6005	     3850	0.6005	0.6005	0	0	3	0	0	54.3	7/32	12/47	0	30/36/47	289.925	0 12:21:08	63MB 	0.3106087458133697
49 	     3944	0.6144	0.6144	     3944	0.6144	0.6144	0	0	3	0	0	54.3	6/31	13/48	0	28/38/49	287.885	0 12:15:05	69MB 	0.3337258927676143
50 	     3778	0.5984	0.5984	     3778	0.5984	0.5984	0	0	3	0	0	54.3	7/29	14/49	0	32/40/46	288.620	0 12:09:21	94MB 	0.32675699433501887
51 	     4018	0.6068	0.6068	     4018	0.6068	0.6068	0	0	3	0	0	54.3	12/25	15/50	0	32/39/48	291.513	0 12:04:26	86MB 	0.3851371932029724
52 	     4018	0.6231	0.6231	     4018	0.6231	0.6231	0	0	3	0	0	54.3	10/25	16/51	0	32/40/46	289.224	0 11:58:57	58MB 	0.3791900718212128
53 	     4161	0.6111	0.6111	     4161	0.6111	0.6111	0	0	3	0	0	54.3	7/27	17/52	0	34/41/47	289.292	0 11:53:34	69MB 	0.3191952431201935
54 	     4137	0.6159	0.6159	     4137	0.6159	0.6159	0	0	3	0	0	54.3	4/33	18/53	0	34/43/49	289.126	0 11:48:12	26MB 	0.2946142899990082
55 	     4300	0.6179	0.6179	     4300	0.6179	0.6179	0	0	3	0	0	54.3	4/37	19/54	0	37/42/50	290.469	0 11:43:12	47MB 	0.36216187715530396
56 	     4351	0.5995	0.5995	     4351	0.5995	0.5995	0	0	2	0	1	52.5	19/29	20/55	0	35/44/50	279.053	0 11:35:30	43MB 	0.37756944447755814
57 	     4339	0.5995	0.5995	     4339	0.5995	0.5995	0	0	2	0	0	50.8	17/33	21/56	0	36/44/51	288.891	0 11:30:27	52MB 	0.3526127278804779
58 	     4473	0.6001	0.6001	     4473	0.6001	0.6001	0	0	3	1	0	50.8	0/29	0/57	0	38/47/52	288.931	0 11:25:26	78MB 	0.2740472900867462
59 	     4524	0.6165	0.6165	     4524	0.6165	0.6165	0	0	4	1	0	52.5	0/37	0/57	0	41/47/54	287.904	0 11:20:12	91MB 	0.3319556665420532
Gen	Fittest  	F0QLam	Perfor	BestPrf  	F0QLam	Perfor	ZPC	ZFC	SC	NS	ES	SCT	SS	SA    	SNBP	GS      	Time	ETA      	Mem		Avg
60 	     4520	0.6238	0.6238	     4520	0.6238	0.6238	0	0	4	1	1	54.2	0/35	0/24	2	39/46/54	275.594	0 11:12:09	80MB 	0.3472608303030332
61 	     4646	0.6069	0.6069	     4646	0.6069	0.6069	0	0	4	0	0	56.0	6/29	1/25	1	34/48/55	289.702	0 11:07:44	79MB 	0.32584039568901063
62 	     4710	0.6541	0.6541	     4710	0.6541	0.6541	0	0	4	0	0	57.9	6/20	2/26	2	36/46/51	289.031	0 11:03:07	53MB 	0.32545361638069153
63 	     4755	0.6224	0.6224	     4755	0.6224	0.6224	0	0	4	0	0	59.8	6/24	3/27	1	35/46/53	289.281	0 10:58:32	33MB 	0.22830061279997535
64 	     4806	0.6158	0.6158	     4806	0.6158	0.6158	0	0	4	0	0	61.8	6/21	3/28	0	37/47/54	288.305	0 10:53:42	87MB 	0.29980973078280077
65 	     4852	0.5950	0.5950	     4852	0.5950	0.5950	0	0	4	0	0	63.9	5/31	3/29	0	34/47/54	286.783	0 10:48:32	50MB 	0.2621595737885456
66 	     4926	0.6042	0.6042	     4926	0.6042	0.6042	0	0	4	0	0	66.0	5/31	3/30	0	36/47/55	286.334	0 10:43:18	51MB 	0.3103711629400448
67 	     4987	0.6100	0.6100	     4987	0.6100	0.6100	0	0	4	0	0	68.2	5/29	3/31	0	34/47/56	276.404	0 10:35:55	46MB 	0.23836693357914052
68 	     5030	0.5797	0.5797	     5030	0.5797	0.5797	0	0	4	1	1	70.5	0/32	0/32	0	33/45/55	288.854	0 10:31:34	35MB 	0.24326895451059147
69 	     5102	0.5910	0.5910	     5102	0.5910	0.5910	0	0	4	0	0	72.8	7/29	1/33	1	39/45/51	286.491	0 10:26:40	75MB 	0.2510071846903587
70 	     5102	0.6021	0.6021	     5102	0.6021	0.6021	0	0	3	0	1	72.8	10/27	2/34	0	30/44/51	287.914	0 10:22:04	65MB 	0.2897910962299425
71 	     5219	0.5924	0.5924	     5219	0.5924	0.5924	0	0	3	0	0	72.8	7/24	3/35	0	33/44/52	289.188	0 10:17:44	77MB 	0.2908638596534729
72 	     5270	0.6199	0.6199	     5270	0.6199	0.6199	0	0	3	0	0	72.8	8/22	4/36	1	32/44/53	290.188	0 10:13:33	18MB 	0.33197738766670226
73 	     5335	0.6222	0.6222	     5335	0.6222	0.6222	0	0	3	0	0	72.8	10/22	5/37	1	32/42/51	289.124	0 10:09:05	69MB 	0.34131376385688783
74 	     5408	0.5994	0.5994	     5408	0.5994	0.5994	0	0	3	0	0	72.8	15/19	6/38	1	34/42/51	289.254	0 10:04:36	98MB 	0.31364947915077207
75 	     5408	0.6051	0.6051	     5408	0.6051	0.6051	0	0	3	0	0	72.8	7/26	7/39	0	32/41/50	288.416	0 09:59:55	42MB 	0.2906065130233765
76 	     5408	0.5796	0.5796	     5408	0.5796	0.5796	0	0	3	0	0	72.8	9/26	8/40	0	33/43/50	289.369	0 09:55:24	106MB 	0.30278936862945555
77 	     5565	0.6046	0.6046	     5565	0.6046	0.6046	0	0	3	0	0	72.8	12/22	9/41	0	36/43/52	288.842	0 09:50:45	68MB 	0.22875753164291382
78 	     5657	0.6272	0.6272	     5657	0.6272	0.6272	0	0	3	0	0	72.8	10/26	10/42	1	33/43/52	288.858	0 09:46:05	56MB 	0.24386760592460632
79 	     5657	0.6175	0.6175	     5657	0.6175	0.6175	0	0	3	0	0	72.8	11/27	11/43	0	36/45/54	289.394	0 09:41:31	74MB 	0.32531674146652223
Gen	Fittest  	F0QLam	Perfor	BestPrf  	F0QLam	Perfor	ZPC	ZFC	SC	NS	ES	SCT	SS	SA    	SNBP	GS      	Time	ETA      	Mem		Avg
80 	     5741	0.5985	0.5985	     5741	0.5985	0.5985	0	0	4	1	0	75.3	0/22	0/44	1	40/45/52	276.630	0 09:34:22	76MB 	0.29409820795059205
81 	     5813	0.6130	0.6130	     5813	0.6130	0.6130	0	0	3	0	1	75.3	9/21	13/45	1	38/44/51	281.270	0 09:28:24	83MB 	0.33975706100463865
82 	     5879	0.6093	0.6093	     5879	0.6093	0.6093	0	0	3	0	0	75.3	13/20	14/46	0	32/43/48	281.740	0 09:22:41	93MB 	0.2728784430027008
83 	     5948	0.6133	0.6133	     5948	0.6133	0.6133	0	0	3	0	0	75.3	9/25	15/47	1	35/43/48	281.710	0 09:17:03	71MB 	0.32263777136802674
84 	     6014	0.6132	0.6132	     6014	0.6132	0.6132	0	0	3	0	0	75.3	12/24	16/48	0	40/44/48	281.663	0 09:11:31	99MB 	0.30504165291786195
85 	     6066	0.6259	0.6259	     6066	0.6259	0.6259	0	0	3	0	0	75.3	8/26	17/49	1	40/44/49	283.701	0 09:06:28	85MB 	0.3194207680225372
86 	     6059	0.5980	0.5980	     6059	0.5980	0.5980	0	0	3	0	0	75.3	7/26	18/50	0	40/44/49	290.090	0 09:02:39	28MB 	0.3379144811630249
87 	     6154	0.5943	0.5943	     6154	0.5943	0.5943	0	0	3	0	0	75.3	7/30	19/51	0	37/45/51	278.490	0 08:56:33	79MB 	0.22259434342384338
88 	     6221	0.5980	0.5980	     6221	0.5980	0.5980	0	0	3	0	0	75.3	11/25	20/52	0	29/44/50	280.377	0 08:50:58	36MB 	0.2656822447874108
89 	     6221	0.6060	0.6060	     6221	0.6060	0.6060	0	0	3	0	0	75.3	9/30	21/53	0	35/44/50	319.714	0 08:52:45	94MB 	0.30205840706825254
90 	     6293	0.6241	0.6241	     6293	0.6241	0.6241	0	0	3	0	0	75.3	7/33	22/54	0	38/45/51	331.662	0 08:55:57	52MB 	0.3262116471115424
91 	     6364	0.6063	0.6063	     6364	0.6063	0.6063	0	0	3	0	0	75.3	8/32	23/55	0	35/46/52	343.631	0 09:00:24	136MB 	0.25812497138977053
92 	     6464	0.5942	0.5942	     6464	0.5942	0.5942	0	0	3	0	0	75.3	9/28	24/56	0	41/48/54	342.142	0 09:03:29	75MB 	0.3089360558986664
93 	     6428	0.6039	0.6039	     6428	0.6039	0.6039	0	0	3	0	0	75.3	3/34	25/57	0	42/48/55	337.786	0 09:04:51	98MB 	0.2582582485675812
94 	     6464	0.5927	0.5927	     6464	0.5927	0.5927	0	0	3	0	0	75.3	5/30	26/58	0	41/47/54	345.641	0 09:06:51	154MB 	0.30497344613075256
95 	     6632	0.6007	0.6007	     6632	0.6007	0.6007	0	0	3	0	0	75.3	9/27	27/59	0	34/48/55	385.992	0 09:15:04	80MB 	0.289947940378773
96 	     6680	0.6185	0.6185	     6680	0.6185	0.6185	0	0	3	0	0	75.3	13/23	28/60	0	41/48/55	339.185	0 09:13:36	28MB 	0.37266412138938904
97 	     6752	0.6089	0.6089	     6752	0.6089	0.6089	0	0	3	0	0	75.3	9/29	29/61	0	27/47/56	356.143	0 09:14:35	262MB 	0.27494844794273376
98 	     6776	0.6164	0.6164	     6776	0.6164	0.6164	0	0	3	0	0	75.3	10/29	30/62	0	35/46/55	335.224	0 09:11:16	146MB 	0.3173975467681885
99 	     6838	0.6056	0.6056	     6838	0.6056	0.6056	0	0	3	0	0	75.3	5/36	31/63	0	32/47/55	314.306	0 09:04:11	240MB 	0.2735883414745331
Gen	Fittest  	F0QLam	Perfor	BestPrf  	F0QLam	Perfor	ZPC	ZFC	SC	NS	ES	SCT	SS	SA    	SNBP	GS      	Time	ETA      	Mem		Avg
100 	     6829	0.5945	0.5945	     6829	0.5945	0.5945	0	0	3	0	0	75.3	7/34	32/64	0	41/49/55	277.293	0 08:51:08	202MB 	0.257607992887497
101 	     6838	0.6004	0.6004	     6838	0.6004	0.6004	0	0	3	0	0	75.3	3/41	33/65	0	38/49/55	284.381	0 08:40:10	128MB 	0.2594645509914476
