Gen	Fittest  	F0QLam	Perfor	BestPrf  	F0QLam	Perfor	ZPC	ZFC	SC	NS	ES	SCT	SS	SA    	SNBP	GS      	Time	ETA      	Mem		Avg
0 	     1091	0.2282	0.2282	     1091	0.2282	0.2282	0	0	50	50	0	4.0	0/1	0/1	0	25/26/28	371.585	0 20:38:37	86MB 	0.11430431842803955
1 	     1239	0.2149	0.2149	     1239	0.2149	0.2149	0	0	26	15	39	7.1	0/1	0/1	1	23/26/30	303.356	0 20:09:48	33MB 	0.15639782547950745
2 	     1293	0.2192	0.2192	     1293	0.2192	0.2192	0	0	16	5	15	10.1	0/7	0/2	3	24/27/31	356.822	0 20:01:06	67MB 	0.15408710679229426
3 	     1376	0.2131	0.2131	     1376	0.2131	0.2131	0	0	18	6	4	15.2	0/7	0/3	4	22/27/32	291.787	0 19:31:20	76MB 	0.16149619698524476
4 	     1441	0.2539	0.2539	     1441	0.2539	0.2539	0	0	11	3	10	19.2	0/12	0/4	6	23/27/31	282.328	0 19:01:04	56MB 	0.16337637354930243
5 	     1489	0.2722	0.2722	     1489	0.2722	0.2722	0	0	5	0	6	20.5	6/13	1/5	4	22/28/32	284.571	0 18:34:13	34MB 	0.16285620598082848
6 	     1546	0.2309	0.2309	     1546	0.2309	0.2309	0	0	7	2	0	23.3	0/19	0/6	2	25/30/34	298.124	0 18:14:02	53MB 	0.15077249050140382
7 	     1611	0.2345	0.2345	     1611	0.2345	0.2345	0	0	7	2	2	26.4	0/17	0/6	2	29/32/35	300.870	0 17:56:20	25MB 	0.15586106996147
8 	     1685	0.2892	0.2892	     1685	0.2892	0.2892	0	0	4	0	3	27.2	5/21	1/5	3	28/33/36	287.698	0 17:35:45	88MB 	0.15353848164280257
9 	     1772	0.2581	0.2581	     1772	0.2581	0.2581	0	0	5	1	0	29.1	0/18	0/6	0	28/33/36	297.781	0 17:20:01	27MB 	0.15782085657119752
10 	     1772	0.2319	0.2319	     1772	0.2319	0.2319	0	0	4	0	1	30.0	6/28	3/7	0	28/33/38	284.897	0 17:01:20	44MB 	0.1745608377456665
11 	     1863	0.2739	0.2739	     1863	0.2739	0.2739	0	0	4	0	0	31.0	6/29	3/8	1	32/35/38	286.511	0 16:44:37	76MB 	0.18028875231742858
12 	     1935	0.2780	0.2780	     1935	0.2780	0.2780	0	0	3	0	1	31.0	8/26	4/9	2	27/34/40	273.866	0 16:25:11	63MB 	0.16048843413591385
13 	     2004	0.2193	0.2193	     2004	0.2193	0.2193	0	0	6	3	0	34.1	0/19	0/10	0	31/34/39	285.031	0 16:10:47	68MB 	0.17033548951148986
14 	     2060	0.2461	0.2461	     2060	0.2461	0.2461	0	0	5	0	1	36.4	0/20	0/11	1	31/35/40	286.815	0 15:57:57	63MB 	0.17499325871467591
15 	     2070	0.2412	0.2412	     2070	0.2412	0.2412	0	0	5	0	0	38.8	5/15	1/12	2	31/35/40	288.625	0 15:46:30	80MB 	0.1477757441997528
16 	     2162	0.2412	0.2412	     2162	0.2412	0.2412	0	0	5	0	0	41.4	5/25	2/13	0	27/37/42	288.217	0 15:35:38	93MB 	0.16259845972061157
17 	     2243	0.2383	0.2383	     2243	0.2383	0.2383	0	0	4	0	1	42.8	9/18	3/14	0	28/36/44	286.228	0 15:24:48	84MB 	0.16419942646610494
18 	     2306	0.2336	0.2336	     2306	0.2336	0.2336	0	0	4	0	0	44.2	6/21	4/15	0	33/37/43	289.131	0 15:15:28	46MB 	0.17135432481765747
19 	     2348	0.2445	0.2445	     2348	0.2445	0.2445	0	0	4	0	0	45.7	5/21	5/16	0	32/37/44	282.651	0 15:04:40	28MB 	0.17648003697395326
Gen	Fittest  	F0QLam	Perfor	BestPrf  	F0QLam	Perfor	ZPC	ZFC	SC	NS	ES	SCT	SS	SA    	SNBP	GS      	Time	ETA      	Mem		Avg
20 	     2226	0.2238	0.2238	     2226	0.2238	0.2238	0	0	4	0	0	47.2	4/23	6/17	0	30/38/45	285.166	0 14:55:15	107MB 	0.14967981696128846
21 	     2485	0.2381	0.2381	     2485	0.2381	0.2381	0	0	5	1	0	50.4	1/19	1/18	0	30/38/45	289.644	0 14:47:40	116MB 	0.1711302936077118
22 	     2474	0.2587	0.2587	     2474	0.2587	0.2587	0	0	4	0	1	52.1	1/22	1/19	2	33/40/45	292.641	0 14:41:15	44MB 	0.18129210326136375
23 	     2640	0.2370	0.2370	     2640	0.2370	0.2370	0	0	4	0	0	53.8	1/29	1/20	2	27/39/46	278.926	0 14:30:57	38MB 	0.16659610855336093
24 	     2694	0.2627	0.2627	     2694	0.2627	0.2627	0	0	4	0	0	55.6	1/30	1/21	2	24/37/48	270.109	0 14:18:39	46MB 	0.17439600825309753
25 	     2733	0.2744	0.2744	     2733	0.2744	0.2744	0	0	2	0	2	55.6	22/25	21/22	1	29/35/48	267.714	0 14:06:29	54MB 	0.1493958906924471
26 	     2821	0.2878	0.2878	     2821	0.2878	0.2878	0	0	2	0	0	55.6	14/36	22/23	1	31/35/43	280.102	0 13:58:43	90MB 	0.15280234098434448
27 	     2855	0.2517	0.2517	     2855	0.2517	0.2517	0	0	2	0	0	55.6	17/32	23/24	0	26/35/42	279.289	0 13:51:02	36MB 	0.14408055738526948
28 	     2912	0.2772	0.2772	     2912	0.2772	0.2772	0	0	2	0	0	55.6	24/25	24/25	0	31/37/42	277.809	0 13:43:15	42MB 	0.178941725468149
29 	     2983	0.2859	0.2859	     2983	0.2859	0.2859	0	0	3	1	0	55.6	0/26	0/26	0	30/38/44	279.188	0 13:36:11	84MB 	0.18612651109695436
30 	     2983	0.2892	0.2892	     2983	0.2892	0.2892	0	0	3	0	0	55.6	0/28	0/27	1	30/38/46	278.624	0 13:29:13	54MB 	0.17606053590774537
31 	     3105	0.2905	0.2905	     3105	0.2905	0.2905	0	0	3	0	0	55.6	9/22	1/28	2	27/38/45	279.445	0 13:22:43	61MB 	0.1893054711818695
32 	     3153	0.2756	0.2756	     3153	0.2756	0.2756	0	0	3	0	0	55.6	10/23	2/29	1	27/37/47	283.660	0 13:17:36	81MB 	0.19051950573921203
33 	     3150	0.2873	0.2873	     3150	0.2873	0.2873	0	0	3	0	0	55.6	11/25	3/30	1	25/36/48	298.719	0 13:16:42	55MB 	0.18091387391090394
34 	     3249	0.3062	0.3062	     3249	0.3062	0.3062	0	0	3	0	0	55.6	14/21	4/31	1	25/39/49	330.006	0 13:24:03	104MB 	0.1733427107334137
35 	     3249	0.3015	0.3015	     3249	0.3015	0.3015	0	0	4	1	0	57.4	0/23	0/32	2	20/38/50	332.986	0 13:30:51	71MB 	0.20464620232582093
36 	     3249	0.3358	0.3358	     3249	0.3358	0.3358	0	0	4	0	0	59.4	5/22	1/33	3	27/40/47	332.394	0 13:36:12	47MB 	0.18151867866516114
37 	     3458	0.3271	0.3271	     3458	0.3271	0.3271	0	0	4	0	0	61.3	8/29	2/34	2	25/36/45	333.896	0 13:40:48	54MB 	0.1931990134716034
38 	     3452	0.3238	0.3238	     3452	0.3238	0.3238	0	0	3	0	1	61.3	8/30	2/35	1	20/34/44	328.614	0 13:42:55	78MB 	0.19979899148551786
39 	     3570	0.3219	0.3219	     3570	0.3219	0.3219	0	0	2	0	1	61.3	22/27	35/36	0	20/32/41	340.435	0 13:47:24	44MB 	0.18600919538614702
Gen	Fittest  	F0QLam	Perfor	BestPrf  	F0QLam	Perfor	ZPC	ZFC	SC	NS	ES	SCT	SS	SA    	SNBP	GS      	Time	ETA      	Mem		Avg
40 	     3626	0.3215	0.3215	     3626	0.3215	0.3215	0	0	2	0	0	61.3	21/29	36/37	0	23/34/39	322.617	0 13:46:04	53MB 	0.16134685277938843
41 	     3669	0.3489	0.3489	     3669	0.3489	0.3489	0	0	2	0	0	61.3	20/30	37/38	2	24/33/39	326.835	0 13:45:26	35MB 	0.21510012745857238
42 	     3669	0.3484	0.3484	     3669	0.3484	0.3484	0	0	2	0	0	61.3	16/33	38/39	0	19/33/39	326.681	0 13:44:14	55MB 	0.21702198957910343
43 	     3750	0.3519	0.3519	     3750	0.3519	0.3519	0	0	2	0	0	61.3	21/29	39/40	1	29/34/38	385.257	0 13:57:56	102MB 	0.23459964394569396
44 	     3866	0.3625	0.3625	     3866	0.3625	0.3625	0	0	2	0	0	61.3	15/35	40/41	1	28/34/40	388.017	0 14:10:13	40MB 	0.23148313283920288
45 	     3921	0.3406	0.3406	     3921	0.3406	0.3406	0	0	2	0	0	61.3	15/35	41/42	0	22/34/37	288.124	0 13:54:43	87MB 	0.2096912693977356
46 	     3960	0.3442	0.3442	     3960	0.3442	0.3442	0	0	2	0	0	61.3	12/37	42/43	0	23/33/38	281.230	0 13:38:35	62MB 	0.19296512798387178
47 	     4011	0.3451	0.3451	     4011	0.3451	0.3451	0	0	2	0	0	61.3	17/32	43/44	0	22/32/40	279.324	0 13:23:10	54MB 	0.23169679909336324
48 	     4100	0.3378	0.3378	     4100	0.3378	0.3378	0	0	2	0	0	61.3	21/28	44/45	0	23/32/40	279.431	0 13:08:55	56MB 	0.233092585388495
49 	     4154	0.3567	0.3567	     4154	0.3567	0.3567	0	0	2	0	0	61.3	23/27	45/46	0	20/30/40	314.153	0 13:04:25	24MB 	0.22929814338684082
50 	     4185	0.3693	0.3693	     4185	0.3693	0.3693	0	0	2	0	0	61.3	13/37	46/47	1	20/31/42	345.900	0 13:07:47	84MB 	0.2391175878047943
51 	     4259	0.3480	0.3480	     4259	0.3480	0.3480	0	0	2	0	0	61.3	19/30	47/48	0	21/31/43	344.833	0 13:09:54	88MB 	0.22143265057583245
52 	     4259	0.3550	0.3550	     4259	0.3550	0.3550	0	0	2	0	0	61.3	21/28	48/49	0	23/32/43	347.174	0 13:11:47	22MB 	0.19718875203813827
53 	     4384	0.3577	0.3577	     4384	0.3577	0.3577	0	0	2	0	0	61.3	19/31	49/50	1	22/32/45	342.841	0 13:11:47	46MB 	0.22322553515434265
54 	     4424	0.3303	0.3303	     4424	0.3303	0.3303	0	0	3	1	0	61.3	0/30	0/51	0	14/31/43	326.313	0 13:07:10	70MB 	0.21839999179450834
55 	     4488	0.3419	0.3419	     4488	0.3419	0.3419	0	0	2	0	1	61.3	16/34	51/52	0	23/35/43	336.342	0 13:04:52	115MB 	0.23594589710235594
56 	     4537	0.3415	0.3415	     4537	0.3415	0.3415	0	0	2	0	0	61.3	19/30	52/53	0	22/32/42	332.727	0 13:01:22	69MB 	0.21405540193830216
57 	     4599	0.3483	0.3483	     4599	0.3483	0.3483	0	0	2	0	0	61.3	22/27	53/54	0	22/32/44	326.002	0 12:56:03	279MB 	0.20425879225438956
58 	     4666	0.3496	0.3496	     4666	0.3496	0.3496	0	0	2	0	0	61.3	23/27	54/55	0	20/31/43	321.351	0 12:49:37	38MB 	0.20802577137947081
59 	     4708	0.3358	0.3358	     4708	0.3358	0.3358	0	0	2	0	0	61.3	19/31	55/56	0	18/33/43	297.462	0 12:37:40	92MB 	0.21988923907279967
Gen	Fittest  	F0QLam	Perfor	BestPrf  	F0QLam	Perfor	ZPC	ZFC	SC	NS	ES	SCT	SS	SA    	SNBP	GS      	Time	ETA      	Mem		Avg
60 	     4774	0.3493	0.3493	     4774	0.3493	0.3493	0	0	2	0	0	61.3	23/26	56/57	0	26/40/45	316.743	0 12:30:59	79MB 	0.20612294819890237
61 	     4857	0.3408	0.3408	     4857	0.3408	0.3408	0	0	3	1	0	61.3	0/44	0/58	0	19/38/46	308.175	0 12:22:27	158MB 	0.2110810124874115
62 	     4894	0.3454	0.3454	     4894	0.3454	0.3454	0	0	3	0	0	61.3	0/38	0/59	0	27/38/48	343.960	0 12:22:30	81MB 	0.21849671553592293
63 	     4979	0.3523	0.3523	     4979	0.3523	0.3523	0	0	3	0	0	61.3	6/33	1/60	1	22/36/49	351.434	0 12:23:39	61MB 	0.23014204621315001
64 	     5033	0.3840	0.3840	     5033	0.3840	0.3840	0	0	3	0	0	61.3	11/25	2/61	1	22/34/51	402.187	0 12:35:34	272MB 	0.1914647912979126
65 	     5033	0.3969	0.3969	     5033	0.3969	0.3969	0	0	3	0	0	61.3	6/30	3/62	2	24/37/51	300.910	0 12:22:43	54MB 	0.2111520755290985
66 	     5033	0.3985	0.3985	     5033	0.3985	0.3985	0	0	3	0	0	61.3	7/35	4/63	2	24/37/51	293.804	0 12:09:07	150MB 	0.16904766201972962
67 	     5262	0.4005	0.4005	     5262	0.4005	0.4005	0	0	3	0	0	61.3	11/24	5/64	1	18/37/53	297.895	0 11:57:20	42MB 	0.22888923786124404
68 	     5261	0.4111	0.4111	     5261	0.4111	0.4111	0	0	3	0	0	61.3	10/22	6/65	2	23/37/53	298.846	0 11:46:30	29MB 	0.21965545177459717
69 	     5347	0.4199	0.4199	     5347	0.4199	0.4199	0	0	3	0	0	61.3	10/24	7/66	3	20/34/53	302.595	0 11:37:06	18MB 	0.19943819403648377
70 	     5393	0.4227	0.4227	     5393	0.4227	0.4227	0	0	4	1	0	63.4	0/23	0/67	2	18/35/54	319.614	0 11:31:51	186MB 	0.2050428283214569
71 	     5490	0.4155	0.4155	     5490	0.4155	0.4155	0	0	4	0	0	65.5	0/25	0/68	0	23/38/56	315.599	0 11:25:43	152MB 	0.20987523078918457
72 	     5543	0.4312	0.4312	     5543	0.4312	0.4312	0	0	3	0	1	65.5	9/28	10/69	2	22/39/57	308.715	0 11:18:14	128MB 	0.22195628881454468
73 	     5594	0.4159	0.4159	     5594	0.4159	0.4159	0	0	4	1	0	67.7	0/30	0/70	0	25/39/58	293.821	0 11:07:50	71MB 	0.2359527575969696
74 	     5686	0.4269	0.4269	     5686	0.4269	0.4269	0	0	3	0	1	67.7	10/20	12/71	1	19/39/60	295.781	0 10:58:26	60MB 	0.2726661015530022
75 	     5740	0.4239	0.4239	     5740	0.4239	0.4239	0	0	4	1	0	69.9	0/21	0/72	0	21/41/60	294.881	0 10:49:19	80MB 	0.2621037721633911
76 	     5801	0.4685	0.4685	     5801	0.4685	0.4685	0	0	3	0	1	69.9	11/23	14/73	2	20/42/60	297.795	0 10:41:15	22MB 	0.2544199347496033
77 	     5877	0.4540	0.4540	     5877	0.4540	0.4540	0	0	4	1	0	72.3	0/26	0/74	1	22/38/60	311.032	0 10:36:14	113MB 	0.2548906493186951
78 	     5934	0.4293	0.4293	     5934	0.4293	0.4293	0	0	3	0	1	72.3	10/24	15/75	0	20/34/51	313.536	0 10:31:42	98MB 	0.2588626945018768
79 	     5994	0.4467	0.4467	     5994	0.4467	0.4467	0	0	2	0	1	72.3	18/31	75/76	0	23/35/52	288.723	0 10:22:06	34MB 	0.2538544827578019
Gen	Fittest  	F0QLam	Perfor	BestPrf  	F0QLam	Perfor	ZPC	ZFC	SC	NS	ES	SCT	SS	SA    	SNBP	GS      	Time	ETA      	Mem		Avg
80 	     6063	0.4497	0.4497	     6063	0.4497	0.4497	0	0	2	0	0	72.3	21/28	76/77	1	21/36/53	281.666	0 10:11:36	60MB 	0.2701406746494527
81 	     6110	0.4449	0.4449	     6110	0.4449	0.4449	0	0	2	0	0	72.3	20/30	77/78	0	17/31/53	284.752	0 10:02:20	42MB 	0.2753473150730133
82 	     6168	0.4310	0.4310	     6168	0.4310	0.4310	0	0	2	0	0	72.3	17/32	78/79	0	18/28/55	285.918	0 09:53:46	91MB 	0.29322345037849584
83 	     6211	0.4305	0.4305	     6211	0.4305	0.4305	0	0	3	1	0	72.3	0/39	0/80	0	18/34/57	283.781	0 09:45:12	55MB 	0.24735874910743869
84 	     6254	0.4481	0.4481	     6254	0.4481	0.4481	0	0	3	0	0	72.3	5/31	1/81	1	18/35/58	284.856	0 09:37:15	111MB 	0.268656672263632
85 	     6319	0.4676	0.4676	     6319	0.4676	0.4676	0	0	3	0	0	72.3	7/28	2/82	1	18/31/59	288.243	0 09:30:18	21MB 	0.25182708307188384
86 	     6365	0.4883	0.4883	     6365	0.4883	0.4883	0	0	3	0	0	72.3	6/36	3/83	1	18/45/60	285.839	0 09:23:07	77MB 	0.22645204186439513
87 	     6365	0.4857	0.4857	     6365	0.4857	0.4857	0	0	3	0	0	72.3	14/20	4/84	1	20/39/61	288.935	0 09:16:46	73MB 	0.27500150799751283
88 	     6510	0.4693	0.4693	     6510	0.4693	0.4693	0	0	3	0	0	72.3	11/26	5/85	1	20/36/62	286.602	0 09:10:09	102MB 	0.2311260712146759
89 	     6588	0.4954	0.4954	     6588	0.4954	0.4954	0	0	3	0	0	72.3	7/33	6/86	1	20/37/63	284.334	0 09:03:19	47MB 	0.22514545559883117
90 	     6644	0.5028	0.5028	     6644	0.5028	0.5028	0	0	3	0	0	72.3	7/32	7/87	1	17/36/63	287.106	0 08:57:13	32MB 	0.2560518217086792
91 	     6710	0.5495	0.5495	     6710	0.5495	0.5495	0	0	3	0	0	72.3	10/29	8/88	3	18/35/63	285.111	0 08:50:54	83MB 	0.26872454249129
92 	     6748	0.5305	0.5305	     6748	0.5305	0.5305	0	0	3	0	0	72.3	7/30	9/89	1	27/45/64	285.660	0 08:44:51	35MB 	0.2775499129295349
93 	     6830	0.5392	0.5392	     6830	0.5392	0.5392	0	0	3	0	0	72.3	14/19	10/90	1	17/45/65	285.474	0 08:38:54	100MB 	0.2656559262956892
94 	     6902	0.5338	0.5338	     6902	0.5338	0.5338	0	0	3	0	0	72.3	11/22	11/91	0	20/45/66	285.561	0 08:33:05	63MB 	0.27610793709754944
95 	     6953	0.5325	0.5325	     6953	0.5325	0.5325	0	0	3	0	0	72.3	5/25	12/92	2	23/50/65	284.797	0 08:27:16	21MB 	0.27392295479774476
96 	     7002	0.5178	0.5178	     7002	0.5178	0.5178	0	0	3	0	0	72.3	9/27	13/93	0	21/51/65	285.947	0 08:21:45	68MB 	0.23498911738395692
97 	     7083	0.5487	0.5487	     7083	0.5487	0.5487	0	0	3	0	0	72.3	7/30	14/94	0	29/48/66	284.868	0 08:16:08	45MB 	0.301572448015213
98 	     7083	0.5387	0.5387	     7083	0.5387	0.5387	0	0	3	0	0	72.3	10/24	15/95	1	21/43/64	283.567	0 08:10:24	75MB 	0.2605776786804199
99 	     7171	0.5347	0.5347	     7171	0.5347	0.5347	0	0	3	0	0	72.3	13/23	16/96	1	23/43/63	284.263	0 08:04:53	30MB 	0.3368988490104675
Gen	Fittest  	F0QLam	Perfor	BestPrf  	F0QLam	Perfor	ZPC	ZFC	SC	NS	ES	SCT	SS	SA    	SNBP	GS      	Time	ETA      	Mem		Avg
100 	     7225	0.5337	0.5337	     7225	0.5337	0.5337	0	0	3	0	0	72.3	11/26	17/97	1	22/45/65	284.421	0 07:59:29	96MB 	0.334478588104248
101 	     7225	0.5380	0.5380	     7225	0.5380	0.5380	0	0	3	0	0	72.3	11/21	18/98	1	26/42/64	283.475	0 07:53:59	68MB 	0.3095809268951416
102 	     7404	0.5385	0.5385	     7404	0.5385	0.5385	0	0	3	0	0	72.3	7/22	19/99	0	25/40/63	284.623	0 07:48:46	150MB 	0.3040281081199646
103 	     7439	0.5454	0.5454	     7439	0.5454	0.5454	0	0	3	0	0	72.3	8/24	20/100	1	31/46/64	284.071	0 07:43:31	42MB 	0.27734052181243896
104 	     7496	0.5476	0.5476	     7496	0.5476	0.5476	0	0	3	0	0	72.3	8/24	21/101	2	27/42/57	284.709	0 07:38:25	62MB 	0.32710773825645445
105 	     7596	0.5461	0.5461	     7596	0.5461	0.5461	0	0	3	0	0	72.3	12/23	22/102	1	24/40/58	282.865	0 07:33:04	57MB 	0.2758334028720856
106 	     7619	0.5393	0.5393	     7619	0.5393	0.5393	0	0	3	0	0	72.3	6/31	23/103	1	23/39/58	281.721	0 07:27:36	17MB 	0.22266009211540222
107 	     7633	0.5427	0.5427	     7633	0.5427	0.5427	0	0	3	0	0	72.3	6/22	24/104	0	29/38/60	282.640	0 07:22:22	79MB 	0.26313994884490965
108 	     7732	0.5443	0.5443	     7732	0.5443	0.5443	0	0	3	0	0	72.3	6/25	24/105	0	22/36/43	283.115	0 07:17:15	59MB 	0.303091698884964
109 	     7806	0.5507	0.5507	     7806	0.5507	0.5507	0	0	2	0	1	72.3	21/28	105/106	1	23/35/44	283.057	0 07:12:11	45MB 	0.29389846324920654
110 	     7864	0.5448	0.5448	     7864	0.5448	0.5448	0	0	2	0	0	72.3	19/31	106/107	0	25/37/42	282.658	0 07:07:05	125MB 	0.3057701516151428
111 	     7909	0.5409	0.5409	     7909	0.5409	0.5409	0	0	2	0	0	72.3	22/28	107/108	0	24/36/42	283.176	0 07:02:07	28MB 	0.32119972467422486
112 	     7926	0.5278	0.5278	     7926	0.5278	0.5278	0	0	2	0	0	72.3	21/29	108/109	0	28/37/43	281.383	0 06:56:54	84MB 	0.2240317130088806
113 	     8034	0.5426	0.5426	     8034	0.5426	0.5426	0	0	2	0	0	72.3	23/27	109/110	0	19/36/44	281.232	0 06:51:44	58MB 	0.2620695960521698
114 	     8085	0.5445	0.5445	     8085	0.5445	0.5445	0	0	2	0	0	72.3	24/26	110/111	0	23/35/43	282.477	0 06:46:47	95MB 	0.2892289435863495
115 	     8155	0.5441	0.5441	     8155	0.5441	0.5441	0	0	2	0	0	72.3	18/32	111/112	0	23/36/45	282.714	0 06:41:54	76MB 	0.26663272857666015
116 	     8209	0.5424	0.5424	     8209	0.5424	0.5424	0	0	2	0	0	72.3	18/31	112/113	0	23/35/46	282.124	0 06:36:57	63MB 	0.2762369586496937
117 	     8229	0.5444	0.5444	     8229	0.5444	0.5444	0	0	2	0	0	72.3	14/35	113/114	0	23/38/47	280.843	0 06:31:51	50MB 	0.24896187928258157
118 	     8284	0.5371	0.5371	     8284	0.5371	0.5371	0	0	2	0	0	72.3	22/27	114/115	0	24/38/47	281.157	0 06:26:51	22MB 	0.23723515320797356
119 	     8347	0.5436	0.5436	     8347	0.5436	0.5436	0	0	3	1	0	72.3	0/28	0/116	0	22/37/49	280.601	0 06:21:48	80MB 	0.26664793729782105
